Tend Neff Omeganurel 1/Omeganunr YPCMB YPBBN DoHx1e5 He3oHx1e5 Li7oHx1e10
0.001 39.4067 73.7734 13.6329 0.333084 0.334673 16.2974 2.0951 2.3474
0.00104737 39.3917 73.7453 13.6368 0.332382 0.333969 16.1709 2.08937 2.32333
0.00109699 39.3752 73.7144 13.6411 0.331672 0.333257 16.058 2.08451 2.30119
0.00114895 39.3571 73.6804 13.6458 0.330971 0.332555 15.9131 2.07772 2.27663
0.00120338 39.3373 73.6434 13.6509 0.330258 0.33184 15.8048 2.07379 2.25465
0.00126038 39.3159 73.6033 13.6565 0.32954 0.33112 15.6712 2.06663 2.23298
0.00132009 39.2927 73.56 13.6625 0.328817 0.330395 15.5733 2.06214 2.21425
0.00138262 39.2678 73.5133 13.669 0.328064 0.329641 15.4472 2.05611 2.19269
0.00144812 39.2411 73.4633 13.676 0.327331 0.328906 15.3102 2.04942 2.17122
0.00151672 39.2125 73.4098 13.6835 0.32658 0.328153 15.2 2.04367 2.15226
0.00158857 39.1821 73.3529 13.6914 0.325837 0.327408 15.0639 2.03662 2.1318
0.00166382 39.1498 73.2924 13.6999 0.325104 0.326673 14.9375 2.03035 2.11192
0.00174263 39.1156 73.2284 13.7089 0.324388 0.325955 14.8032 2.02298 2.09261
0.00182518 39.0795 73.1609 13.7184 0.323694 0.32526 14.6608 2.01481 2.07326
0.00191164 39.0416 73.0899 13.7284 0.323015 0.324579 14.5077 2.00622 2.05305
0.0020022 39.0019 73.0155 13.7389 0.322371 0.323933 14.3772 1.99877 2.03522
0.00209705 38.9604 72.9378 13.7498 0.321746 0.323307 14.2193 1.99026 2.01575
0.00219639 38.9171 72.8568 13.7613 0.321152 0.322712 14.0923 1.98258 1.99832
0.00230043 38.8721 72.7726 13.7732 0.320572 0.32213 13.9544 1.97512 1.9807
0.0024094 38.8255 72.6853 13.7857 0.32003 0.321587 13.8293 1.96848 1.96484
0.00252354 38.7772 72.5949 13.7985 0.3195 0.321056 13.7005 1.962 1.94793
0.00264308 38.7273 72.5016 13.8118 0.318972 0.320526 13.6181 1.95804 1.93479
0.00276829 38.6759 72.4053 13.8256 0.318478 0.32003 13.5028 1.95262 1.9197
0.00289942 38.623 72.3063 13.8398 0.317994 0.319546 13.4445 1.95099 1.90804
0.00303677 38.5686 72.2043 13.8545 0.317524 0.319074 13.3679 1.94828 1.89519
0.00318063 38.5126 72.0995 13.8696 0.317063 0.318612 13.2997 1.9467 1.88307
0.00333129 38.4552 71.992 13.8851 0.316621 0.318169 13.2496 1.94629 1.87301
0.0034891 38.3962 71.8817 13.9011 0.316186 0.317732 13.2008 1.94646 1.86163
0.00365438 38.3357 71.7684 13.9175 0.315782 0.317327 13.1605 1.9459 1.85342
0.00382749 38.2737 71.6523 13.9344 0.315389 0.316934 13.1103 1.94525 1.84402
0.001 39.4067 73.7734 13.6329 0.333084 0.334673 16.2974 2.0951 2.3474
0.00400881 38.2101 71.5332 13.9518 0.315015 0.316558 13.0531 1.94458 1.83535
0.00104737 39.3917 73.7453 13.6368 0.332382 0.333969 16.1709 2.08937 2.32333
0.00109699 39.3752 73.7144 13.6411 0.331672 0.333257 16.058 2.08451 2.30119
0.00419871 38.1449 71.4113 13.9697 0.314675 0.316218 13.0095 1.94347 1.82764
0.00114895 39.3571 73.6804 13.6458 0.330971 0.332555 15.9131 2.07772 2.27663
0.0043976 38.0782 71.2863 13.9881 0.31436 0.315902 12.948 1.94132 1.81883
0.00120338 39.3373 73.6434 13.6509 0.330258 0.33184 15.8048 2.07379 2.25465
0.00460592 38.0098 71.1581 14.007 0.314059 0.3156 12.8887 1.93826 1.81221
0.001 39.4067 73.7734 13.6329 0.333084 0.334673 16.2974 2.0951 2.3474
0.00126038 39.3159 73.6033 13.6565 0.32954 0.33112 15.6712 2.06663 2.23298
0.00482411 37.9397 71.027 14.0263 0.313789 0.315329 12.8129 1.93398 1.80502
0.00104737 39.3917 73.7453 13.6368 0.332382 0.333969 16.1709 2.08937 2.32333
0.00132009 39.2927 73.56 13.6625 0.328817 0.330395 15.5733 2.06214 2.21425
0.00109699 39.3752 73.7144 13.6411 0.331672 0.333257 16.058 2.08451 2.30119
0.00505263 37.8679 70.8927 14.0463 0.313545 0.315085 12.7259 1.92867 1.79843
0.00138262 39.2678 73.5133 13.669 0.328064 0.329641 15.4472 2.05611 2.19269
0.00114895 39.3571 73.6804 13.6458 0.330971 0.332555 15.9131 2.07772 2.27663
0.00529198 37.7945 70.7551 14.0667 0.31332 0.314859 12.643 1.92255 1.79208
0.00144812 39.2411 73.4633 13.676 0.327331 0.328906 15.3102 2.04942 2.17122
0.00120338 39.3373 73.6434 13.6509 0.330258 0.33184 15.8048 2.07379 2.25465
0.00554266 37.7192 70.6142 14.0878 0.313112 0.314651 12.5267 1.91373 1.78539
0.00151672 39.2125 73.4098 13.6835 0.32658 0.328153 15.2 2.04367 2.15226
0.00126038 39.3159 73.6033 13.6565 0.32954 0.33112 15.6712 2.06663 2.23298
0.00580523 37.6422 70.47 14.1094 0.312917 0.314455 12.4222 1.90552 1.77994
0.00158857 39.1821 73.3529 13.6914 0.325837 0.327408 15.0639 2.03662 2.1318
0.00132009 39.2927 73.56 13.6625 0.328817 0.330395 15.5733 2.06214 2.21425
0.00608022 37.5633 70.3224 14.1316 0.31275 0.314288 12.2968 1.89463 1.77498
0.00166382 39.1498 73.2924 13.6999 0.325104 0.326673 14.9375 2.03035 2.11192
0.00138262 39.2678 73.5133 13.669 0.328064 0.329641 15.4472 2.05611 2.19269
0.00144812 39.2411 73.4633 13.676 0.327331 0.328906 15.3102 2.04942 2.17122
0.00174263 39.1156 73.2284 13.7089 0.324388 0.325955 14.8032 2.02298 2.09261
0.00636825 37.4826 70.1713 14.1544 0.312576 0.314113 12.1758 1.88439 1.77119
0.00151672 39.2125 73.4098 13.6835 0.32658 0.328153 15.2 2.04367 2.15226
0.00182518 39.0795 73.1609 13.7184 0.323694 0.32526 14.6608 2.01481 2.07326
0.00666992 37.4 70.0165 14.1779 0.312412 0.313949 12.0433 1.87356 1.76552
0.00158857 39.1821 73.3529 13.6914 0.325837 0.327408 15.0639 2.03662 2.1318
0.00191164 39.0416 73.0899 13.7284 0.323015 0.324579 14.5077 2.00622 2.05305
0.00698588 37.3154 69.8582 14.202 0.312251 0.313787 11.9472 1.86269 1.76546
0.00166382 39.1498 73.2924 13.6999 0.325104 0.326673 14.9375 2.03035 2.11192
0.0020022 39.0019 73.0155 13.7389 0.322371 0.323933 14.3772 1.99877 2.03522
0.00731681 37.2287 69.696 14.2268 0.312085 0.313621 11.8386 1.85203 1.76402
0.00174263 39.1156 73.2284 13.7089 0.324388 0.325955 14.8032 2.02298 2.09261
0.00209705 38.9604 72.9378 13.7498 0.321746 0.323307 14.2193 1.99026 2.01575
0.00766341 37.14 69.5299 14.2522 0.311904 0.31344 11.7243 1.84056 1.76262
0.00182518 39.0795 73.1609 13.7184 0.323694 0.32526 14.6608 2.01481 2.07326
0.00219639 38.9171 72.8568 13.7613 0.321152 0.322712 14.0923 1.98258 1.99832
0.00191164 39.0416 73.0899 13.7284 0.323015 0.324579 14.5077 2.00622 2.05305
0.00802643 37.0491 69.3598 14.2785 0.311729 0.313264 11.6266 1.83048 1.76232
0.00230043 38.8721 72.7726 13.7732 0.320572 0.32213 13.9544 1.97512 1.9807
0.0020022 39.0019 73.0155 13.7389 0.322371 0.323933 14.3772 1.99877 2.03522
0.00840665 36.9561 69.1856 14.3054 0.311542 0.313076 11.5522 1.82219 1.76282
0.0024094 38.8255 72.6853 13.7857 0.32003 0.321587 13.8293 1.96848 1.96484
0.00209705 38.9604 72.9378 13.7498 0.321746 0.323307 14.2193 1.99026 2.01575
0.00880488 36.8607 69.007 14.3332 0.311346 0.31288 11.4506 1.81252 1.7626
0.00252354 38.7772 72.5949 13.7985 0.3195 0.321056 13.7005 1.962 1.94793
0.00219639 38.9171 72.8568 13.7613 0.321152 0.322712 14.0923 1.98258 1.99832
0.00922198 36.763 68.8242 14.3617 0.311111 0.312644 11.4046 1.80586 1.76331
0.00264308 38.7273 72.5016 13.8118 0.318972 0.320526 13.6181 1.95804 1.93479
0.00230043 38.8721 72.7726 13.7732 0.320572 0.32213 13.9544 1.97512 1.9807
0.00965883 36.6629 68.6368 14.3911 0.31088 0.312412 11.3641 1.80057 1.76229
0.00276829 38.6759 72.4053 13.8256 0.318478 0.32003 13.5028 1.95262 1.9197
0.0024094 38.8255 72.6853 13.7857 0.32003 0.321587 13.8293 1.96848 1.96484
0.00289942 38.623 72.3063 13.8398 0.317994 0.319546 13.4445 1.95099 1.90804
0.00252354 38.7772 72.5949 13.7985 0.3195 0.321056 13.7005 1.962 1.94793
0.0101164 36.5603 68.4446 14.4214 0.31063 0.312162 11.319 1.79536 1.76344
0.00303677 38.5686 72.2043 13.8545 0.317524 0.319074 13.3679 1.94828 1.89519
0.00264308 38.7273 72.5016 13.8118 0.318972 0.320526 13.6181 1.95804 1.93479
0.0105956 36.455 68.2476 14.4526 0.310383 0.311914 11.3206 1.79324 1.76263
0.00276829 38.6759 72.4053 13.8256 0.318478 0.32003 13.5028 1.95262 1.9197
0.00318063 38.5126 72.0995 13.8696 0.317063 0.318612 13.2997 1.9467 1.88307
0.0110975 36.3472 68.0457 14.4848 0.310099 0.31163 11.3176 1.79151 1.76198
0.00289942 38.623 72.3063 13.8398 0.317994 0.319546 13.4445 1.95099 1.90804
0.00333129 38.4552 71.992 13.8851 0.316621 0.318169 13.2496 1.94629 1.87301
0.0116232 36.2366 67.8386 14.5179 0.309821 0.311351 11.3351 1.79234 1.76128
0.0121738 36.1231 67.6262 14.5521 0.309536 0.311065 11.3687 1.79419 1.75918
0.0127505 36.0069 67.4087 14.5873 0.30925 0.310778 11.4226 1.79836 1.75741
0.0133545 35.8878 67.1855 14.6236 0.308962 0.31049 11.4779 1.80326 1.75461
0.001 39.4067 73.7734 13.6329 0.333096 0.334685 16.264 2.09514 2.40018
0.0139871 35.7656 66.957 14.6611 0.30867 0.310197 11.5521 1.80986 1.7533
0.0146497 35.6407 66.7231 14.6996 0.3084 0.309925 11.6182 1.81699 1.74966
0.0153437 35.5126 66.4832 14.7393 0.308145 0.30967 11.6912 1.82425 1.74955
0.0160705 35.3816 66.2381 14.7802 0.307892 0.309417 11.7905 1.83395 1.74737
0.001 39.4067 73.7734 13.6329 0.333096 0.334685 16.264 2.09514 2.40018
0.00104737 39.3917 73.7453 13.6368 0.332374 0.333961 16.1475 2.08892 2.37856
0.0168318 35.2477 65.9873 14.8223 0.307671 0.309195 11.8645 1.84301 1.74618
0.00109699 39.3752 73.7144 13.6411 0.33168 0.333265 16.0188 2.08324 2.35306
0.0176291 35.1107 65.7308 14.8657 0.307474 0.308998 11.9439 1.85269 1.74443
0.00114895 39.3571 73.6804 13.6458 0.330966 0.33255 15.9056 2.07808 2.33101
0.00120338 39.3373 73.6434 13.6509 0.330259 0.331841 15.7956 2.07288 2.30881
0.0184642 34.9708 65.4689 14.9103 0.307307 0.30883 12.0231 1.86269 1.74308
0.00126038 39.3159 73.6033 13.6565 0.329538 0.331118 15.6526 2.06657 2.28341
0.00132009 39.2927 73.56 13.6625 0.328811 0.330389 15.5471 2.06184 2.26283
0.0193389 34.8281 65.2017 14.9561 0.307153 0.308676 12.083 1.87099 1.74066
0.00138262 39.2678 73.5133 13.669 0.328072 0.329649 15.4198 2.05646 2.24072
0.020255 34.6825 64.9291 15.0032 0.307035 0.308557 12.1557 1.88112 1.73909
0.00144812 39.2411 73.4633 13.676 0.327315 0.32889 15.3075 2.04983 2.22178
0.00151672 39.2125 73.4098 13.6835 0.326576 0.328149 15.1678 2.04264 2.1995
0.0212145 34.534 64.6512 15.0515 0.306941 0.308462 12.1846 1.88872 1.73638
0.00158857 39.1821 73.3529 13.6914 0.32583 0.327401 15.06 2.03702 2.1809
0.00166382 39.1498 73.2924 13.6999 0.325107 0.326677 14.9245 2.02957 2.16007
0.0222195 34.3828 64.3681 15.1011 0.306871 0.308393 12.2174 1.89709 1.73332
0.00174263 39.1156 73.2284 13.7089 0.32439 0.325957 14.7759 2.02208 2.13856
0.023272 34.2289 64.08 15.152 0.306834 0.308355 12.2414 1.90435 1.72921
0.00182518 39.0795 73.1609 13.7184 0.323681 0.325247 14.6489 2.0147 2.11903
0.00191164 39.0416 73.0899 13.7284 0.323019 0.324583 14.519 2.00738 2.1009
0.0243744 34.0723 63.7869 15.2042 0.3068 0.308322 12.238 1.91025 1.7244
0.0020022 39.0019 73.0155 13.7389 0.322368 0.323931 14.3505 1.99824 2.07853
0.00209705 38.9604 72.9378 13.7498 0.321744 0.323305 14.205 1.98977 2.05904
0.0255291 33.9131 63.4889 15.2577 0.306792 0.308313 12.2281 1.91609 1.71898
0.00219639 38.9171 72.8568 13.7613 0.321148 0.322707 14.0629 1.98244 2.03863
0.0267384 33.7513 63.1858 15.3125 0.306782 0.308303 12.2238 1.9226 1.71353
0.00230043 38.8721 72.7726 13.7732 0.320576 0.322134 13.957 1.97579 2.0244
0.0024094 38.8255 72.6853 13.7857 0.32002 0.321577 13.8361 1.96892 2.0077
0.028005 33.5869 62.8781 15.3687 0.306786 0.308307 12.1942 1.92727 1.70643
0.00252354 38.7772 72.5949 13.7985 0.319496 0.321051 13.7119 1.96307 1.99074
0.00264308 38.7273 72.5016 13.8118 0.318981 0.320534 13.6066 1.95827 1.97594
0.0293317 33.42 62.5656 15.4262 0.306802 0.308323 12.1454 1.93055 1.69855
0.001 39.4067 73.7734 13.6329 0.333084 0.334673 16.2974 2.0951 2.3474
0.00276829 38.6759 72.4053 13.8256 0.318479 0.320031 13.5146 1.95384 1.96107
0.0307211 33.2507 62.2487 15.4851 0.30683 0.308352 12.0803 1.93242 1.68972
0.00289942 38.623 72.3063 13.8398 0.317993 0.319544 13.4397 1.95092 1.94824
0.00104737 39.3917 73.7453 13.6368 0.332382 0.333969 16.1709 2.08937 2.32333
0.00303677 38.5686 72.2043 13.8545 0.317521 0.319071 13.3681 1.94912 1.9342
0.0321764 33.0786 61.9266 15.5455 0.306863 0.308384 12.0109 1.93417 1.68079
0.00109699 39.3752 73.7144 13.6411 0.331672 0.333257 16.058 2.08451 2.30119
0.00318063 38.5126 72.0995 13.8696 0.317061 0.31861 13.294 1.94711 1.92223
0.0337006 32.9041 61.5999 15.6073 0.306892 0.308414 11.9232 1.93572 1.66977
0.00333129 38.4552 71.992 13.8851 0.316617 0.318165 13.2524 1.94691 1.91225
0.00114895 39.3571 73.6804 13.6458 0.330971 0.332555 15.9131 2.07772 2.27663
0.0034891 38.3962 71.8817 13.9011 0.31619 0.317737 13.1894 1.94658 1.89939
0.0352971 32.7271 61.2685 15.6706 0.306926 0.308448 11.8448 1.93499 1.66201
0.00120338 39.3373 73.6434 13.6509 0.330258 0.33184 15.8048 2.07379 2.25465
0.00365438 38.3357 71.7684 13.9175 0.315773 0.317318 13.1554 1.94626 1.89211
0.00126038 39.3159 73.6033 13.6565 0.32954 0.33112 15.6712 2.06663 2.23298
0.0369691 32.5473 60.932 15.7354 0.306964 0.308486 11.732 1.93284 1.65251
0.00382749 38.2737 71.6523 13.9344 0.315387 0.316931 13.0914 1.94542 1.8808
0.00400881 38.2101 71.5332 13.9518 0.315022 0.316566 13.0567 1.94486 1.87319
0.00132009 39.2927 73.56 13.6625 0.328817 0.330395 15.5733 2.06214 2.21425
0.0387204 32.3649 60.5904 15.8019 0.307 0.308522 11.6178 1.92963 1.64254
0.00419871 38.1449 71.4113 13.9697 0.314672 0.316215 13.0006 1.94346 1.86472
0.00138262 39.2678 73.5133 13.669 0.328064 0.329641 15.4472 2.05611 2.19269
0.0043976 38.0782 71.2863 13.9881 0.314354 0.315896 12.9375 1.94199 1.8549
0.0405546 32.1797 60.2436 15.8701 0.307033 0.308555 11.4915 1.92519 1.63311
0.00460592 38.0098 71.1581 14.007 0.31406 0.315601 12.8957 1.93921 1.8501
0.00144812 39.2411 73.4633 13.676 0.327331 0.328906 15.3102 2.04942 2.17122
0.0424757 31.9917 59.8917 15.94 0.307077 0.3086 11.3497 1.9188 1.62455
0.00482411 37.9397 71.027 14.0263 0.313787 0.315327 12.8061 1.93444 1.84089
0.00151672 39.2125 73.4098 13.6835 0.32658 0.328153 15.2 2.04367 2.15226
0.00505263 37.8679 70.8927 14.0463 0.313547 0.315087 12.7257 1.92876 1.83396
0.0444878 31.8006 59.534 16.0117 0.307093 0.308615 11.1885 1.91068 1.61693
0.00529198 37.7945 70.7551 14.0667 0.31332 0.314859 12.6064 1.9217 1.82483
0.00158857 39.1821 73.3529 13.6914 0.325837 0.327408 15.0639 2.03662 2.1318
0.00554266 37.7192 70.6142 14.0878 0.313113 0.314651 12.5171 1.91363 1.82038
0.0465953 31.6066 59.1708 16.0854 0.30712 0.308642 11.0222 1.90042 1.60942
0.00166382 39.1498 73.2924 13.6999 0.325104 0.326673 14.9375 2.03035 2.11192
0.00580523 37.6422 70.47 14.1094 0.312922 0.31446 12.413 1.90529 1.81422
0.0488025 31.4091 58.8011 16.1612 0.307115 0.308638 10.8509 1.88942 1.60354
0.00608022 37.5633 70.3224 14.1316 0.312746 0.314284 12.2924 1.8952 1.80899
0.00174263 39.1156 73.2284 13.7089 0.324388 0.325955 14.8032 2.02298 2.09261
0.00636825 37.4826 70.1713 14.1544 0.312576 0.314113 12.1936 1.88579 1.8057
0.0511143 31.2082 58.425 16.2391 0.307113 0.308636 10.6684 1.87718 1.59947
0.001 39.4067 73.7734 13.6329 0.333084 0.334673 16.2974 2.0951 2.3474
0.00182518 39.0795 73.1609 13.7184 0.323694 0.32526 14.6608 2.01481 2.07326
0.00666992 37.4 70.0165 14.1779 0.31241 0.313946 12.0467 1.87378 1.80066
0.00104737 39.3917 73.7453 13.6368 0.332382 0.333969 16.1709 2.08937 2.32333
0.0535357 31.0036 58.0419 16.3195 0.307088 0.30861 10.4728 1.86183 1.59755
0.00698588 37.3154 69.8582 14.202 0.312246 0.313782 11.9401 1.86292 1.79969
0.00191164 39.0416 73.0899 13.7284 0.323015 0.324579 14.5077 2.00622 2.05305
0.00109699 39.3752 73.7144 13.6411 0.331672 0.333257 16.058 2.08451 2.30119
0.00731681 37.2287 69.696 14.2268 0.312081 0.313617 11.8333 1.85219 1.79533
0.0560717 30.7949 57.6511 16.4024 0.307019 0.308541 10.291 1.8475 1.59711
0.0020022 39.0019 73.0155 13.7389 0.322371 0.323933 14.3772 1.99877 2.03522
0.00114895 39.3571 73.6804 13.6458 0.330971 0.332555 15.9131 2.07772 2.27663
0.00766341 37.14 69.5299 14.2522 0.31191 0.313445 11.707 1.84109 1.79361
0.0587279 30.5819 57.2524 16.488 0.306933 0.308455 10.0823 1.82957 1.5992
0.00120338 39.3373 73.6434 13.6509 0.330258 0.33184 15.8048 2.07379 2.25465
0.00802643 37.0491 69.3598 14.2785 0.311731 0.313266 11.6315 1.83182 1.79418
0.00209705 38.9604 72.9378 13.7498 0.321746 0.323307 14.2193 1.99026 2.01575
0.0615099 30.3641 56.8448 16.5766 0.306816 0.308338 9.88335 1.81212 1.60316
0.00840665 36.9561 69.1856 14.3054 0.311538 0.313072 11.5258 1.82174 1.79289
0.00126038 39.3159 73.6033 13.6565 0.32954 0.33112 15.6712 2.06663 2.23298
0.00219639 38.9171 72.8568 13.7613 0.321152 0.322712 14.0923 1.98258 1.99832
0.00880488 36.8607 69.007 14.3332 0.311337 0.31287 11.4711 1.81413 1.79458
0.0644236 30.1412 56.4274 16.6684 0.306667 0.308188 9.67926 1.79324 1.61066
0.00922198 36.763 68.8242 14.3617 0.31111 0.312643 11.4166 1.80702 1.79466
0.0674754 29.9126 55.9995 16.7639 0.306478 0.307998 9.46918 1.77289 1.62144
0.00965883 36.6629 68.6368 14.3911 0.31088 0.312412 11.3416 1.80001 1.79311
