Tend Neff Omeganurel 1/Omeganunr YPCMB YPBBN DoHx1e5 He3oHx1e5 Li7oHx1e10
0.001 4.38039 8.20054 70.8158 0.294224 0.29571 4.21974 1.2681 3.40455
0.00104737 4.37965 8.19916 70.8248 0.293901 0.295386 4.21621 1.26804 3.40185
0.00109699 4.37886 8.19768 70.8343 0.293627 0.295111 4.20563 1.26686 3.40825
0.00114895 4.37803 8.19612 70.8444 0.293383 0.294866 4.19674 1.26595 3.41366
0.00120338 4.37716 8.19449 70.855 0.293191 0.294674 4.18933 1.26457 3.42604
0.00126038 4.37625 8.19279 70.866 0.293011 0.294493 4.17587 1.2629 3.44094
0.00132009 4.37531 8.19104 70.8774 0.292857 0.294338 4.17161 1.26156 3.45154
0.00138262 4.37434 8.18922 70.8892 0.292713 0.294195 4.1634 1.25994 3.4645
0.00144812 4.37335 8.18735 70.9014 0.292582 0.294063 4.14448 1.2567 3.49628
0.00151672 4.37232 8.18543 70.9139 0.292459 0.29394 4.13958 1.25551 3.50731
0.00158857 4.37126 8.18345 70.9267 0.292326 0.293806 4.12014 1.25234 3.53652
0.00166382 4.37017 8.18141 70.94 0.292207 0.293686 4.11406 1.25081 3.54919
0.00174263 4.36906 8.17932 70.9536 0.292055 0.293534 4.10335 1.24964 3.55834
0.00182518 4.36791 8.17717 70.9676 0.291912 0.293391 4.09928 1.24839 3.5685
0.00191164 4.36672 8.17495 70.982 0.291735 0.293214 4.08462 1.24659 3.58424
0.0020022 4.36551 8.17267 70.9968 0.291546 0.293024 4.09082 1.24767 3.5707
0.00209705 4.36425 8.17033 71.0121 0.291339 0.292816 4.08598 1.24817 3.5635
0.00219639 4.36297 8.16792 71.0278 0.2911 0.292576 4.09762 1.25022 3.53879
0.00230043 4.36164 8.16544 71.044 0.290852 0.292328 4.10474 1.25251 3.51249
0.0024094 4.36028 8.16289 71.0607 0.290603 0.292078 4.11371 1.25518 3.48166
0.00252354 4.35888 8.16026 71.0778 0.290338 0.291812 4.12205 1.25823 3.44884
0.00264308 4.35744 8.15757 71.0954 0.290067 0.29154 4.12814 1.26106 3.41889
0.00276829 4.35596 8.15479 71.1135 0.28982 0.291293 4.14186 1.26525 3.37559
0.00289942 4.35444 8.15195 71.1322 0.289577 0.291049 4.1461 1.26721 3.35412
0.00303677 4.35287 8.14903 71.1513 0.28936 0.290831 4.15477 1.27021 3.32216
0.00318063 4.35127 8.14603 71.1709 0.289165 0.290635 4.15282 1.27143 3.30779
0.00333129 4.34963 8.14296 71.1911 0.28902 0.29049 4.14712 1.27204 3.32339
0.0034891 4.34795 8.13981 71.2117 0.288902 0.290372 4.13678 1.27142 3.30458
0.00365438 4.34623 8.13658 71.2329 0.288803 0.290273 4.12474 1.27008 3.31237
0.00382749 4.34446 8.13328 71.2546 0.288749 0.290218 4.09976 1.2667 3.34082
0.00400881 4.34266 8.12991 71.2768 0.288729 0.290198 4.07604 1.26321 3.36943
0.00419871 4.34082 8.12645 71.2995 0.288714 0.290184 4.05255 1.25838 3.41175
0.0043976 4.33893 8.12292 71.3227 0.288735 0.290204 4.02421 1.25289 3.46006
0.00460592 4.337 8.11931 71.3465 0.288761 0.290231 3.98919 1.24593 3.52336
0.00482411 4.33502 8.11561 71.3709 0.288785 0.290254 3.95035 1.23835 3.59455
0.00505263 4.333 8.11183 71.3959 0.2888 0.290269 3.92093 1.23164 3.65682
0.00529198 4.33093 8.10795 71.4215 0.288808 0.290277 3.88618 1.22368 3.73544
0.00554266 4.32881 8.10398 71.4477 0.288786 0.290256 3.85175 1.2157 3.81588
0.00580523 4.32663 8.0999 71.4747 0.288741 0.29021 3.82389 1.20899 3.88143
0.00608022 4.32439 8.09571 71.5025 0.288654 0.290123 3.79444 1.20158 3.95725
0.00636825 4.32209 8.0914 71.531 0.28853 0.289999 3.77797 1.19571 4.01651
0.00666992 4.31972 8.08695 71.5605 0.288362 0.28983 3.76671 1.19093 4.06378
0.00698588 4.31727 8.08237 71.5909 0.288166 0.289634 3.75879 1.18697 4.10085
0.00731681 4.31474 8.07764 71.6224 0.287904 0.28937 3.75799 1.1843 4.12218
0.00766341 4.31213 8.07274 71.655 0.287602 0.289068 3.75776 1.18252 4.13482
0.00802643 4.30942 8.06767 71.6887 0.287259 0.288724 3.77728 1.18278 4.12109
0.00840665 4.30662 8.06243 71.7237 0.286888 0.288352 3.7965 1.18396 4.09743
0.00880488 4.30371 8.05699 71.76 0.286479 0.287942 3.82047 1.18693 4.05468
0.00922198 4.3007 8.05135 71.7977 0.286059 0.287521 3.85525 1.19148 3.99511
0.00965883 4.29758 8.04551 71.8368 0.285621 0.287081 3.89804 1.19697 3.92691
0.0101164 4.29435 8.03945 71.8774 0.285205 0.286663 3.94898 1.20447 3.84175
0.0105956 4.291 8.03319 71.9194 0.28478 0.286237 3.99379 1.21205 3.76132
0.0110975 4.28754 8.02671 71.963 0.284385 0.285841 4.04834 1.22123 3.66498
0.0116232 4.28396 8.02002 72.008 0.284033 0.285488 4.09844 1.23079 3.56837
0.0121738 4.28028 8.01312 72.0545 0.283723 0.285177 4.1591 1.24134 3.47747
0.0127505 4.27649 8.00603 72.1023 0.283473 0.284926 4.20908 1.25133 3.39125
0.0133545 4.2726 7.99874 72.1516 0.283283 0.284736 4.26838 1.26288 3.29527
0.0139871 4.26861 7.99127 72.2022 0.283157 0.284609 4.31283 1.2728 3.21882
0.0146497 4.26453 7.98364 72.2539 0.283104 0.284557 4.35666 1.28313 3.14404
0.0153437 4.26037 7.97586 72.3068 0.283111 0.284563 4.39526 1.293 3.07615
0.0160705 4.25615 7.96794 72.3607 0.283185 0.284638 4.43229 1.30275 3.01048
0.0168318 4.25185 7.95991 72.4154 0.283308 0.28476 4.45097 1.3111 2.98059
0.0176291 4.24751 7.95178 72.471 0.283508 0.284961 4.47266 1.31893 2.91536
0.0184642 4.24312 7.94356 72.5271 0.283732 0.285186 4.48738 1.32643 2.87461
0.0193389 4.2387 7.93529 72.5839 0.283994 0.285449 4.49478 1.33313 2.8379
0.020255 4.23426 7.92697 72.641 0.284291 0.285746 4.49768 1.33944 2.80516
0.0212145 4.2298 7.91861 72.6985 0.284602 0.286058 4.49373 1.34489 2.77918
0.0222195 4.22533 7.91025 72.7561 0.284933 0.28639 4.46474 1.34728 2.77378
0.023272 4.22086 7.90188 72.8139 0.285261 0.286719 4.45289 1.35081 2.75802
0.0243744 4.21639 7.89352 72.8717 0.285605 0.287065 4.41685 1.35183 2.75991
0.0255291 4.21194 7.88518 72.9295 0.285924 0.287384 4.39088 1.35348 2.75725
0.0267384 4.20749 7.87686 72.9873 0.28625 0.287712 4.34435 1.35191 2.7745
0.028005 4.20306 7.86856 73.045 0.286572 0.288035 4.2927 1.3493 2.79873
0.0293317 4.19864 7.86029 73.1027 0.286865 0.288328 4.23704 1.34577 2.82915
0.0307211 4.19423 7.85203 73.1603 0.287156 0.288621 4.17123 1.33966 2.87857
0.0321764 4.18983 7.84378 73.218 0.287434 0.288899 4.10056 1.33247 2.93623
0.0337006 4.18542 7.83553 73.2758 0.287693 0.289159 4.01796 1.32305 3.01173
0.0352971 4.181 7.82726 73.3339 0.287933 0.2894 3.93868 1.31284 3.09742
0.0369691 4.17656 7.81894 73.3924 0.288147 0.289615 3.856 1.30067 3.20045
0.0387204 4.17207 7.81054 73.4516 0.288348 0.289816 3.75867 1.286 3.33063
0.0405546 4.16752 7.80203 73.5117 0.288511 0.289979 3.6666 1.27169 3.46222
0.0424757 4.1629 7.79337 73.573 0.28864 0.290109 3.5746 1.25546 3.6198
0.0444878 4.15816 7.7845 73.6358 0.288732 0.290201 3.47835 1.23837 3.79569
0.0465953 4.15328 7.77536 73.7007 0.288778 0.290247 3.3753 1.21994 3.99254
0.0488025 4.14822 7.7659 73.7681 0.288762 0.290231 3.27657 1.20091 4.21146
0.0511143 4.14295 7.75603 73.8385 0.288692 0.290162 3.18291 1.18265 4.435
0.0535357 4.13741 7.74566 73.9126 0.288544 0.290013 3.10092 1.16491 4.66183
0.0560717 4.13156 7.73471 73.991 0.28831 0.289778 3.01517 1.14688 4.90519
0.0587279 4.12534 7.72306 74.0747 0.287978 0.289445 2.92669 1.12856 5.16766
0.0615099 4.11869 7.7106 74.1645 0.287553 0.289018 2.85776 1.11276 5.39922
0.0644236 4.11153 7.69721 74.2612 0.287006 0.28847 2.79198 1.09766 5.6295
0.0674754 4.1038 7.68274 74.3661 0.286345 0.287807 2.73032 1.08349 5.8506
0.0706718 4.09543 7.66706 74.4801 0.285543 0.287003 2.67667 1.07104 6.04378
0.0740196 4.08633 7.65002 74.6045 0.284621 0.286077 2.63946 1.06118 6.18858
0.077526 4.07642 7.63147 74.7405 0.283565 0.285019 2.60174 1.05219 6.31855
0.0811984 4.06563 7.61127 74.8892 0.282393 0.283843 2.58092 1.04625 6.38131
0.0850449 4.05387 7.58927 75.052 0.28112 0.282566 2.56617 1.04163 6.41785
0.0890735 4.0411 7.56535 75.2299 0.279757 0.281199 2.56005 1.03899 6.41542
0.093293 4.02723 7.53938 75.4241 0.278328 0.279765 2.5603 1.03828 6.37267
0.0977124 4.01223 7.5113 75.6355 0.276862 0.278295 2.57102 1.03934 6.29468
0.102341 3.99606 7.48103 75.865 0.275411 0.276839 2.58276 1.04156 6.19788
0.107189 3.97871 7.44855 76.1129 0.274021 0.275445 2.60149 1.04543 6.082
0.112267 3.96018 7.41386 76.3799 0.272702 0.274121 2.61922 1.04928 5.96982
0.117585 3.9405 7.37702 76.6657 0.271501 0.272917 2.64412 1.0546 5.84066
0.123155 3.91973 7.33813 76.9703 0.270471 0.271883 2.66127 1.05879 5.73982
0.128989 3.89792 7.2973 77.293 0.269614 0.271023 2.68761 1.0642 5.62744
0.135099 3.87518 7.25473 77.6329 0.268941 0.270348 2.70307 1.06859 5.54063
0.141499 3.85159 7.21057 77.9893 0.26846 0.269866 2.72008 1.07247 5.46613
0.148202 3.82726 7.16503 78.3608 0.268182 0.269586 2.73125 1.07565 5.41328
0.155223 3.80235 7.11838 78.7456 0.268083 0.269487 2.74443 1.07871 5.3667
0.162576 3.77697 7.07088 79.142 0.268157 0.269561 2.75204 1.08094 5.33591
0.170277 3.75127 7.02276 79.5484 0.268358 0.269763 2.75976 1.0828 5.3164
0.178343 3.72537 6.97428 79.9627 0.26868 0.270086 2.75867 1.08348 5.32063
0.186791 3.6994 6.92566 80.3833 0.269084 0.270491 2.76278 1.08437 5.31711
0.19564 3.67349 6.87716 80.8082 0.269544 0.270953 2.7568 1.08384 5.34158
0.204907 3.64777 6.82901 81.2351 0.270033 0.271443 2.75789 1.08412 5.35081
0.214614 3.62234 6.7814 81.6625 0.27052 0.271932 2.75606 1.08432 5.3627
0.224781 3.59729 6.7345 82.0886 0.270967 0.272381 2.755 1.08398 5.38146
0.235429 3.57272 6.6885 82.5117 0.271374 0.272789 2.75056 1.08349 5.4008
0.246581 3.54868 6.6435 82.9306 0.271723 0.273139 2.7443 1.08257 5.42833
0.258262 3.52527 6.59967 83.3432 0.271996 0.273413 2.73658 1.08198 5.44688
0.270496 3.50252 6.55708 83.749 0.272174 0.273591 2.73166 1.08124 5.46581
0.28331 3.48048 6.51582 84.1463 0.272243 0.273661 2.73173 1.081 5.47268
0.29673 3.45918 6.47594 84.5347 0.272225 0.273642 2.72238 1.07966 5.4962
0.310787 3.43868 6.43755 84.9125 0.272087 0.273504 2.71612 1.07909 5.50449
0.325509 3.41897 6.40066 85.2793 0.271836 0.273252 2.70855 1.07801 5.51719
0.340929 3.40008 6.36531 85.6343 0.271481 0.272896 2.69938 1.07681 5.52988
0.357079 3.38201 6.33147 85.9772 0.271007 0.272421 2.69487 1.07581 5.53361
0.373994 3.36476 6.29918 86.3076 0.270427 0.271839 2.68769 1.07483 5.53673
0.39171 3.34835 6.26845 86.6247 0.269742 0.271151 2.67991 1.07374 5.53603
0.410266 3.33275 6.23924 86.9287 0.26895 0.270357 2.66728 1.07189 5.54712
0.4297 3.31794 6.21153 87.2194 0.268053 0.269457 2.66261 1.07123 5.53511
0.450056 3.30395 6.18532 87.4964 0.267063 0.268464 2.65293 1.06976 5.53411
0.471375 3.29071 6.16055 87.7602 0.265984 0.267382 2.63861 1.06786 5.53688
0.493705 3.27824 6.1372 88.0105 0.264833 0.266226 2.62804 1.06628 5.53338
0.517092 3.2665 6.11521 88.2477 0.263604 0.264994 2.61819 1.06512 5.52038
0.541587 3.25546 6.09455 88.472 0.262312 0.263697 2.61095 1.0638 5.50838
0.567243 3.24509 6.07515 88.6838 0.260963 0.262344 2.59998 1.06211 5.50095
0.594113 3.23538 6.05697 88.8834 0.259585 0.26096 2.58801 1.06049 5.4914
0.622257 3.22629 6.03995 89.0711 0.258162 0.259533 2.57385 1.05866 5.4846
0.651734 3.21778 6.02402 89.2477 0.256734 0.2581 2.57037 1.05793 5.45799
0.682607 3.20984 6.00914 89.4134 0.2553 0.25666 2.5586 1.05603 5.44834
0.714943 3.2024 5.99523 89.569 0.253871 0.255226 2.5485 1.05457 5.43436
0.74881 3.19547 5.98224 89.7148 0.252462 0.253813 2.53773 1.0531 5.42205
0.784282 3.18899 5.97011 89.8515 0.251092 0.252438 2.52666 1.05148 5.41123
0.821434 3.18292 5.95875 89.9799 0.249768 0.251109 2.51355 1.04974 5.40348
0.860346 3.17725 5.94814 90.1004 0.248508 0.249844 2.50558 1.04848 5.39009
0.901102 3.17193 5.93817 90.2137 0.24732 0.248652 2.50224 1.04777 5.36927
0.943788 3.16694 5.92884 90.3202 0.246209 0.247537 2.49252 1.04641 5.36122
0.988496 3.16223 5.92002 90.4211 0.245208 0.246532 2.48461 1.04533 5.35166
1.03532 3.15779 5.91171 90.5164 0.244295 0.245616 2.48097 1.0447 5.33653
1.08437 3.15359 5.90384 90.6069 0.243499 0.244817 2.47328 1.0435 5.3336
1.13573 3.14959 5.89635 90.6932 0.242814 0.24413 2.46657 1.04272 5.32906
1.18953 3.14577 5.8892 90.7758 0.242243 0.243557 2.46725 1.04263 5.31404
1.24588 3.1421 5.88233 90.8553 0.241797 0.243109 2.46431 1.04227 5.30674
1.3049 3.13856 5.87571 90.9321 0.241454 0.242764 2.45911 1.04167 5.30829
1.36672 3.13514 5.8693 91.0066 0.241215 0.242525 2.4581 1.04127 5.30955
1.43146 3.13179 5.86303 91.0795 0.241086 0.242395 2.45387 1.04068 5.31595
1.49927 3.12851 5.85688 91.1511 0.241054 0.242364 2.45622 1.04094 5.31075
1.57029 3.12527 5.85083 91.2219 0.241099 0.242409 2.45605 1.0411 5.30879
1.64468 3.12208 5.84485 91.2918 0.24123 0.24254 2.45492 1.04071 5.31788
1.72259 3.11889 5.83888 91.3618 0.241406 0.242717 2.45449 1.04077 5.32373
1.80419 3.11572 5.83295 91.4315 0.241644 0.242955 2.45568 1.04115 5.32315
1.88965 3.11255 5.82701 91.5014 0.241915 0.243227 2.45517 1.04087 5.33475
1.97917 3.10937 5.82106 91.5715 0.242209 0.243522 2.45433 1.04095 5.34459
2.07292 3.10618 5.81508 91.6421 0.24253 0.243845 2.45741 1.04141 5.34588
2.17112 3.10297 5.80907 91.7133 0.242854 0.24417 2.45901 1.0414 5.35426
2.27397 3.09975 5.80304 91.7847 0.243171 0.244488 2.45607 1.04118 5.36717
2.38169 3.09652 5.797 91.8564 0.243489 0.244807 2.46178 1.04178 5.36552
2.49451 3.09329 5.79096 91.9283 0.243784 0.245103 2.46325 1.04207 5.37074
2.61268 3.09006 5.78492 92.0003 0.244061 0.245381 2.46247 1.04214 5.37669
2.73644 3.08686 5.77892 92.0719 0.244307 0.245629 2.46424 1.0423 5.3806
2.86607 3.08368 5.77297 92.143 0.244532 0.245854 2.45919 1.04191 5.39634
3.00184 3.08055 5.76711 92.2132 0.244727 0.24605 2.46272 1.04217 5.39552
3.14404 3.0775 5.76139 92.282 0.244903 0.246227 2.46433 1.04224 5.39932
3.29297 3.0745 5.75578 92.3494 0.245059 0.246383 2.46352 1.04257 5.39956
3.44896 3.0716 5.75036 92.4147 0.245183 0.246508 2.46423 1.04221 5.40832
3.61234 3.06883 5.74516 92.4774 0.245286 0.246611 2.46259 1.04226 5.40906
3.78346 3.06617 5.74019 92.5375 0.245366 0.246691 2.46165 1.04198 5.41747
3.96269 3.06365 5.73547 92.5945 0.245427 0.246753 2.46366 1.04223 5.41557
4.1504 3.06129 5.73105 92.6481 0.24548 0.246805 2.45913 1.04156 5.42879
4.34701 3.05909 5.72693 92.6981 0.245513 0.246839 2.46309 1.04208 5.42108
4.55294 3.05707 5.72315 92.744 0.245541 0.246867 2.46237 1.0421 5.42229
4.76861 3.05522 5.71968 92.7862 0.245565 0.246891 2.45943 1.04167 5.43045
4.99451 3.05355 5.71656 92.8241 0.245576 0.246902 2.46144 1.04196 5.4268
5.2311 3.05205 5.71375 92.8584 0.245587 0.246913 2.45901 1.04194 5.42595
5.4789 3.05074 5.71129 92.8884 0.245597 0.246923 2.45585 1.04128 5.43753
5.73844 3.04958 5.70913 92.9148 0.245596 0.246922 2.45809 1.04172 5.43099
6.01028 3.04858 5.70725 92.9377 0.2456 0.246926 2.46104 1.04178 5.42858
6.29499 3.04774 5.70569 92.9568 0.245602 0.246928 2.45509 1.04133 5.43838
6.59319 3.04703 5.70435 92.9731 0.245603 0.246929 2.4601 1.0417 5.43081
6.90551 3.04644 5.70325 92.9866 0.245604 0.24693 2.46053 1.04184 5.4285
7.23263 3.04596 5.70235 92.9976 0.245606 0.246932 2.45936 1.04168 5.42876
7.57525 3.04558 5.70163 93.0064 0.2456 0.246926 2.45628 1.04114 5.44031
7.9341 3.04527 5.70106 93.0134 0.245607 0.246933 2.46023 1.04169 5.43009
8.30994 3.04504 5.70062 93.0188 0.245607 0.246933 2.4588 1.04174 5.43182
8.70359 3.04486 5.70029 93.0229 0.245609 0.246935 2.45667 1.04142 5.43768
9.11589 3.04472 5.70003 93.0259 0.245606 0.246932 2.45982 1.04172 5.43063
9.54772 3.04463 5.69985 93.0282 0.245602 0.246928 2.45699 1.04131 5.4385
10 3.04456 5.69973 93.0297 0.245602 0.246928 2.45667 1.04129 5.4386
