1.160451812155009613e+11 1.289004094858801961e+08
1.107181824499245758e+11 1.027813319958368093e+08
1.056357170251665955e+11 8.194090104446516931e+07
1.007865597546993256e+11 6.531649047587206215e+07
9.616000073883721924e+10 5.205956233430219442e+07
9.174582171073652649e+10 4.149087014218781143e+07
8.753427346822663879e+10 3.306816237347878516e+07
8.351605434161854553e+10 2.635510508050765097e+07
7.968228964993840027e+10 2.100413983843319491e+07
7.602451210021636963e+10 1.673962535250399821e+07
7.253464308653169250e+10 1.334162390916184895e+07
6.920497484752114868e+10 1.063385331177023239e+07
6.602815344293519592e+10 8.476010038766557351e+06
6.299716251164765167e+10 6.756572167093425989e+06
6.010530777524835205e+10 5.386620020093626343e+06
5.734620225298871613e+10 4.294961569216079079e+06
5.471375215542827606e+10 3.424927670100928750e+06
5.220214342562898254e+10 2.731533729060485028e+06
4.980582889816610718e+10 2.178934137591224629e+06
4.751951604760201263e+10 1.738455028990757419e+06
4.533815529935813904e+10 1.387274504270773381e+06
4.325692887717103577e+10 1.107273235046563903e+06
4.127124016250241089e+10 8.840130157975050388e+05
3.937670354239767456e+10 7.059505074187390273e+05
3.756913472337635040e+10 5.638976856358480873e+05
3.584454148995694733e+10 4.505572311217706301e+05
3.419911488740753937e+10 3.601139770152298734e+05
3.262922080924921417e+10 2.879199327016988536e+05
3.113139197092984009e+10 2.302741131415638374e+05
2.970232025194263458e+10 1.842352116629561060e+05
2.833884938947735214e+10 1.474585962298540981e+05
2.703796800746408844e+10 1.180699968569182383e+05
2.579680296561730576e+10 9.457620802418135281e+04
2.461261301378763962e+10 7.578950345151929650e+04
2.348278273760774231e+10 6.076246772995424544e+04
2.240481678206132889e+10 4.873756140640060039e+04
2.137633434021510696e+10 3.911072840002764860e+04
2.039506389494423676e+10 3.140092697971386588e+04
1.945883820203543091e+10 2.522416409694092363e+04
1.856558950358842468e+10 2.027317225032787974e+04
1.771334496114469147e+10 1.630268620906688921e+04
1.690022229845508194e+10 1.311713554318653041e+04
1.612442564426526642e+10 1.056019682196970825e+04
1.538424156593536568e+10 8.506700903152704996e+03
1.467803528513445663e+10 6.856588440560904928e+03
1.400424706725241280e+10 5.529937003868963984e+03
1.336138877655317497e+10 4.462790496767467630e+03
1.274804058946294403e+10 3.603862095169968597e+03
1.216284785873273659e+10 2.912098088114109032e+03
1.160451812155009460e+10 2.354643800303420903e+03
