1.160451812155009460e+10 2.354643800303420903e+03
1.107181824499245834e+10 1.905156989514288853e+03
1.056357170251665878e+10 1.542493274313414986e+03
1.007865597546993256e+10 1.249684739885969520e+03
9.616000073883722305e+09 1.013128388364078774e+03
9.174582171073652267e+09 8.218983774190378426e+02
8.753427346822664261e+09 6.672042716480333411e+02
8.351605434161854744e+09 5.419810546630988028e+02
7.968228964993840218e+09 4.405477332119583025e+02
7.602451210021636009e+09 3.583332617705769394e+02
7.253464308653169632e+09 2.916509323991884344e+02
6.920497484752114296e+09 2.375323889905595536e+02
6.602815344293519974e+09 1.935823295147301621e+02
6.299716251164765358e+09 1.578698961289227611e+02
6.010530777524835587e+09 1.288333779826561738e+02
5.734620225298871994e+09 1.052121376625437250e+02
5.471375215542827606e+09 8.598622003163812622e+01
5.220214342562898636e+09 7.033078599067044934e+01
4.980582889816611290e+09 5.757785992084292559e+01
4.751951604760201454e+09 4.718533531592410668e+01
4.533815529935813904e+09 3.871433867123640482e+01
4.325692887717103958e+09 3.180820188144349103e+01
4.127124016250241280e+09 2.617708720136923262e+01
3.937670354239768028e+09 2.158572817249057607e+01
3.756913472337634563e+09 1.784286981339849021e+01
3.584454148995694160e+09 1.479231025972282687e+01
3.419911488740753651e+09 1.230702410945818492e+01
3.262922080924921513e+09 1.028343372101065967e+01
3.113139197092984200e+09 8.636962562737036109e+00
2.970232025194263458e+09 7.298473997199406149e+00
2.833884938947735310e+09 6.211735220061875395e+00
2.703796800746408939e+09 5.330440440072994335e+00
2.579680296561730385e+09 4.616881367490348609e+00
2.461261301378764153e+09 4.040111678993186572e+00
2.348278273760774136e+09 3.574823466823661366e+00
2.240481678206132889e+09 3.200387256650522705e+00
2.137633434021510839e+09 2.899717278363820316e+00
2.039506389494423628e+09 2.658929875865360337e+00
1.945883820203543186e+09 2.466643959093091532e+00
1.856558950358842611e+09 2.313597384244344912e+00
1.771334496114469051e+09 2.192137551969681297e+00
1.690022229845508099e+09 2.096083469130650911e+00
1.612442564426526546e+09 2.020394921591895709e+00
1.538424156593536615e+09 1.960937281814675970e+00
1.467803528513445616e+09 1.914421141367980805e+00
1.400424706725241184e+09 1.878163621129998795e+00
1.336138877655317545e+09 1.849980827095443425e+00
1.274804058946294546e+09 1.828161058227990132e+00
1.216284785873273611e+09 1.811316179512214131e+00
1.160451812155009508e+09 1.798347635736705197e+00
