1.160451812155009508e+09 1.418735107359799316e-06
1.056357170251665950e+09 3.131945365209626419e-07
9.616000073883723021e+08 6.075530716432791787e-08
8.753427346822664738e+08 1.028713647867493332e-08
7.968228964993840456e+08 1.499055175226548747e-09
7.253464308653169870e+08 1.859523463322703470e-10
6.602815344293520451e+08 1.916092347416817527e-11
6.010530777524834871e+08 1.632810545976733149e-12
5.471375215542827845e+08 1.181260084749764421e-13
4.980582889816610813e+08 5.900368016954093296e-15
4.533815529935813546e+08 -7.212072388270722457e-16
4.127124016250224113e+08 7.208207150263103016e-18
3.756913472337634563e+08 1.237734865485921614e-16
3.419911488740753531e+08 2.373416832886331479e-21
3.113139197092984319e+08 -1.592387042166847737e-17
2.833884938947723508e+08 1.496151808206360815e-25
2.579680296561730504e+08 2.051247762025255148e-18
2.348278273760774136e+08 1.531218633110818791e-27
2.137633434021510780e+08 -2.642329335174748259e-19
1.945883820203543305e+08 -1.970316954647922848e-28
1.771334496114461720e+08 3.403735251804668599e-20
1.612442564426526427e+08 2.537997853414080096e-29
1.467803528513445556e+08 -4.384545677237812391e-21
1.336138877655317485e+08 -3.269439677603062296e-30
1.216284785873268694e+08 5.647983574982709638e-22
1.107181824499245733e+08 4.211422216693824489e-31
1.007865597546993345e+08 -7.275490053367123259e-23
9.174582171073633432e+07 -5.424975783211555364e-32
8.351605434161837399e+07 9.371974053023710362e-24
7.602451210021604598e+07 6.988219876090433452e-33
6.920497484752114117e+07 -1.207257476902214510e-24
6.299716251164764911e+07 -9.002063849114218134e-34
5.734620225298859924e+07 1.555137271284851184e-25
5.220214342562876642e+07 1.159588787270834023e-34
4.751951604760201275e+07 -2.003261092898424143e-26
4.325692887717103958e+07 -1.493757150420017901e-35
3.937670354239759594e+07 2.580514970121594904e-27
3.584454148995687068e+07 1.924192470609787689e-36
3.262922080924921110e+07 -3.324108722178470898e-28
2.970232025194263458e+07 -2.478662013664103413e-37
2.703796800746403262e+07 4.281977848389187535e-29
2.461261301378758997e+07 3.192923010693454638e-38
2.240481678206123784e+07 -5.516021294792701100e-30
2.039506389494423568e+07 -4.113585210194877565e-39
1.856558950358842686e+07 7.112621992353741515e-31
1.690022229845504835e+07 5.328199846714836846e-40
1.538424156593530253e+07 -9.476672774556854584e-32
1.400424706725235656e+07 -8.155733319442901209e-41
1.274804058946294524e+07 2.609902209894708549e-32
1.160451812155007198e+07 6.758186641710789610e-41
