1.160451812155009613e+11 1.135405913122314215e+08
1.107181824499245758e+11 8.997096232921592891e+07
1.056357170251665955e+11 7.126046595936162770e+07
1.007865597546993256e+11 5.641494432381074131e+07
9.616000073883721924e+10 4.464274523819530010e+07
9.174582171073652649e+10 3.531286935022042692e+07
8.753427346822663879e+10 2.792325958939586580e+07
8.351605434161854553e+10 2.207158879534910992e+07
7.968228964993840027e+10 1.743867034151886776e+07
7.602451210021636963e+10 1.377250327399090677e+07
7.253464308653169250e+10 1.087291476490643434e+07
6.920497484752114868e+10 8.580260635516416281e+06
6.602815344293519592e+10 6.768067327568145469e+06
6.299716251164765167e+10 5.336356241730906069e+06
6.010530777524835205e+10 4.205845411424461752e+06
5.734620225298871613e+10 3.313417900699015707e+06
5.471375215542827606e+10 2.609132431542135775e+06
5.220214342562898254e+10 2.053599242085974663e+06
4.980582889816610718e+10 1.615635970335468184e+06
4.751951604760201263e+10 1.270471152659423649e+06
4.533815529935813904e+10 9.985309100480311317e+05
4.325692887717103577e+10 7.843931391965940129e+05
4.127124016250241089e+10 6.158665066817970946e+05
3.937670354239767456e+10 4.832847301105812658e+05
3.756913472337635040e+10 3.790207410756532918e+05
3.584454148995694733e+10 2.970726937759107677e+05
3.419911488740753937e+10 2.327035505066812912e+05
3.262922080924921417e+10 1.821648753653378517e+05
3.113139197092984009e+10 1.425032840836643591e+05
2.970232025194263458e+10 1.113976090606826765e+05
2.833884938947735214e+10 8.701889992858156620e+04
2.703796800746408844e+10 6.792277108994296577e+04
2.579680296561730576e+10 5.297305854604156775e+04
2.461261301378763962e+10 4.127809352304981439e+04
2.348278273760774231e+10 3.213653128819211634e+04
2.240481678206132889e+10 2.499575619027314315e+04
2.137633434021510696e+10 1.942185111245727239e+04
2.039506389494423676e+10 1.507482798853072018e+04
1.945883820203543091e+10 1.168784729375310599e+04
1.856558950358842468e+10 9.051156189760713460e+03
1.771334496114469147e+10 7.000414763126245816e+03
1.690022229845508194e+10 5.407123229048198482e+03
1.612442564426526642e+10 4.170660640310441522e+03
1.538424156593536568e+10 3.212173261407517202e+03
1.467803528513445663e+10 2.470035272990322483e+03
1.400424706725241280e+10 1.896177278796066958e+03
1.336138877655317497e+10 1.453078188413459429e+03
1.274804058946294403e+10 1.111428508769694872e+03
1.216284785873273659e+10 8.483996510767968857e+02
1.160451812155009460e+10 6.462412592332917711e+02
