7.386520369079300694e-03 1.000000000000000000e+01 1.000000000000000000e+01
7.517196101243395039e-03 9.912721916780975917e+00 9.912717955681698001e+00
7.650183631943661099e-03 9.826192157721850506e+00 9.826185059289304746e+00
7.785523859458479135e-03 9.740414381565415169e+00 9.740409445055915327e+00
7.923258405602104718e-03 9.655383000172244934e+00 9.655378047203402758e+00
8.063429628524819426e-03 9.571092002185038083e+00 9.571086008977852444e+00
8.206080635739531476e-03 9.487537818772789677e+00 9.487530543115198611e+00
8.351255297378831766e-03 9.404725350269032447e+00 9.404717504418673713e+00
8.498998259686576726e-03 9.322632970567585886e+00 9.322626468188490279e+00
8.649354958748162181e-03 9.241250573610821917e+00 9.241250858505438259e+00
8.802371634463693195e-03 9.160580073777309096e+00 9.160581807085312889e+00
8.958095344768358947e-03 9.080617377300661985e+00 9.080612821719240557e+00
9.116573980104377209e-03 9.001349543531009800e+00 9.001343495665119931e+00
9.277856278148970126e-03 8.922768008863757316e+00 8.922762587386944944e+00
9.441991838802883327e-03 8.844873610882041604e+00 8.844869144461325661e+00
9.609031139444083533e-03 8.767664312481844746e+00 8.767658439437077789e+00
9.779025550451302812e-03 8.691140228579644855e+00 8.691128049501060104e+00
9.952027351002205174e-03 8.615271521733705029e+00 8.615261755525656540e+00
1.012808974515105181e-02 8.540065605588385012e+00 8.540056932160618786e+00
1.030726687819079508e-02 8.465516075992756129e+00 8.465507871534098783e+00
1.048961385330462841e-02 8.391620883425224164e+00 8.391612237242027206e+00
1.067518674851213045e-02 8.318368656171760023e+00 8.318360032494611644e+00
1.086404263391520242e-02 8.245755443302696719e+00 8.245747723789669692e+00
1.105623958924909639e-02 8.173776395170694542e+00 8.173769043767302733e+00
1.125183672174395744e-02 8.102426764709727891e+00 8.102417726226063266e+00
1.145089418430234388e-02 8.031700643589511301e+00 8.031688751489374667e+00
1.165347319399832882e-02 7.961591077691164031e+00 7.961578189018783114e+00
1.185963605090387639e-02 7.892092004835195240e+00 7.892081354766838253e+00
1.206944615724827273e-02 7.823199509553279363e+00 7.823191389810611795e+00
1.228296803691651500e-02 7.754910285997508090e+00 7.754900639292824138e+00
1.250026735529263626e-02 7.687218101006051185e+00 7.687205193208692222e+00
1.272141093945409508e-02 7.620115168068154254e+00 7.620102533092449448e+00
1.294646679872342096e-02 7.553597605244151580e+00 7.553586172993991710e+00
1.317550414558343180e-02 7.487662070262381064e+00 7.487649153239196664e+00
1.340859341696248180e-02 7.422302049211646491e+00 7.422287917678501046e+00
1.364580629589625532e-02 7.357511874093789039e+00 7.357498161871591336e+00
1.388721573357278721e-02 7.293287701570723591e+00 7.293273714209715486e+00
1.413289597176748541e-02 7.229624653275305235e+00 7.229609511044194470e+00
1.438292256567504784e-02 7.166517098210651859e+00 7.166501434346842281e+00
1.463737240714531145e-02 7.103960571624321041e+00 7.103944816371395632e+00
1.489632374833015603e-02 7.041950508923209284e+00 7.041934388433270797e+00
1.515985622574876970e-02 6.980482164465962036e+00 6.980465191388936397e+00
1.542805088477860673e-02 6.919550332661459358e+00 6.919532192265497983e+00
1.570099020457969494e-02 6.859150565353215434e+00 6.859131605748785887e+00
1.597875812345981444e-02 6.799277491471841017e+00 6.799258261687268323e+00
1.626144006468843717e-02 6.739926451998938361e+00 6.739907318420091720e+00
1.654912296276736181e-02 6.681093120040415556e+00 6.681073995660000264e+00
1.684189529016606734e-02 6.622774167491717989e+00 6.622754199380704421e+00
1.713984708453008057e-02 6.564964358617614515e+00 6.564942454092601132e+00
1.744306997637066689e-02 6.507660716770380382e+00 6.507635450748118444e+00
1.775165721724440010e-02 6.450857331867620559e+00 6.450828815062157773e+00
1.806570370843124315e-02 6.394549000490049373e+00 6.394519342268724316e+00
1.838530603011997999e-02 6.338730944481675067e+00 6.338702667158449877e+00
1.871056247110998438e-02 6.283398317841796477e+00 6.283374158654482677e+00
1.904157305903842953e-02 6.228550615523916534e+00 6.228529387505108872e+00
1.937843959114225051e-02 6.174183388085459079e+00 6.174160949376640062e+00
1.972126566556433799e-02 6.120292418606616991e+00 6.120265916914934046e+00
2.007015671321354597e-02 6.066871991327563052e+00 6.066841847876268012e+00
2.042522003018835963e-02 6.013916406450807273e+00 6.013885526788011582e+00
2.078656481077418086e-02 5.961422719111921786e+00 5.961391914992872465e+00
2.115430218102432730e-02 5.909387804429536928e+00 5.909356149632366773e+00
2.152854523293517772e-02 5.857807288379970778e+00 5.857774152452992489e+00
2.190940905922587195e-02 5.806677020093469643e+00 5.806642659286792352e+00
2.229701078873330689e-02 5.755993163327210560e+00 5.755957587066939496e+00
2.269146962243332941e-02 5.705751806588920338e+00 5.705714940316430450e+00
2.309290687009916618e-02 5.655948974235909255e+00 5.655910761379961293e+00
2.350144598760838324e-02 5.606580826341462931e+00 5.606541445983811656e+00
2.391721261490985240e-02 5.557643424574140845e+00 5.557602927184611907e+00
2.434033461466239209e-02 5.509133682325033199e+00 5.509092103354205072e+00
2.477094211155697959e-02 5.461047549631492970e+00 5.461004671135134103e+00
2.520916753233459068e-02 5.413381502863146011e+00 5.413336978511943620e+00
2.565514564651202520e-02 5.366131665863893119e+00 5.366085390034710301e+00
2.610901360782821173e-02 5.319294373417418065e+00 5.319246403615981222e+00
2.657091099642372792e-02 5.272865960587507672e+00 5.272816430995843184e+00
2.704097986176654672e-02 5.226842492905204196e+00 5.226791492427297570e+00
2.751936476633716488e-02 5.181220628487611002e+00 5.181168140855356263e+00
2.800621283008659229e-02 5.135997723458255670e+00 5.135943609140044330e+00
2.850167377568082680e-02 5.091169502830070748e+00 5.091113607190033363e+00
2.900589997454576865e-02 5.046732793496305547e+00 5.046674901690524351e+00
2.951904649372672981e-02 5.002684530139009489e+00 5.002624423567815448e+00
3.004127114357692252e-02 4.959020601858081356e+00 4.958958234859221825e+00
3.057273452628963065e-02 4.915738131239961284e+00 4.915673640992227256e+00
3.111360008528888527e-02 4.872833459568039594e+00 4.872766958548816696e+00
3.166403415549409739e-02 4.830303358117361334e+00 4.830234873003375284e+00
3.222420601447373995e-02 4.788144852417685726e+00 4.788074331982944187e+00
3.279428793450409746e-02 4.746354341418076217e+00 4.746281649805020209e+00
3.337445523554894572e-02 4.704929013987007913e+00 4.704853908536152041e+00
3.396488633917654071e-02 4.663865043907706287e+00 4.663787368577635206e+00
3.456576282343044870e-02 4.623159615176837711e+00 4.623079291577194994e+00
3.517726947867105131e-02 4.582810151886340222e+00 4.582727171107448427e+00
3.579959436440504489e-02 4.542812710773671547e+00 4.542727057018193015e+00
3.643292886712021228e-02 4.503164682904243321e+00 4.503076372877587552e+00
3.707746775914344539e-02 4.463862979684341425e+00 4.463772005432852019e+00
3.773340925853995581e-02 4.424904299478033209e+00 4.424810565553705111e+00
3.840095509007224184e-02 4.386286201711772748e+00 4.386189526224596236e+00
3.908031054723742209e-02 4.348005224285516057e+00 4.347905464469884684e+00
3.977168455540212172e-02 4.310058790230375969e+00 4.309955849914746118e+00
4.047528973605424990e-02 4.272443560702776644e+00 4.272337349673542839e+00
4.119134247219151390e-02 4.235156844784249586e+00 4.235047297493075291e+00
4.192006297486666061e-02 4.198195997691255954e+00 4.198083062197683901e+00
4.266167535091004021e-02 4.161557957387002737e+00 4.161441562088996626e+00
4.341640767185022537e-02 4.125239979107160337e+00 4.125120009560908407e+00
4.418449204405390518e-02 4.089239390597063206e+00 4.089115698962914713e+00
4.496616468010664058e-02 4.053553607317526009e+00 4.053426076212203633e+00
4.576166597145644999e-02 4.018179213804589978e+00 4.018047722674881861e+00
4.657124056234251269e-02 3.983113548691366912e+00 3.982977984274143068e+00
4.739513742503172200e-02 3.948354196795307303e+00 3.948214461028711320e+00
4.823360993638634714e-02 3.913898348370286051e+00 3.913754356132692180e+00
4.908691595578616729e-02 3.879743487072743413e+00 3.879595138873532800e+00
4.995531790442919035e-02 3.845886944146001518e+00 3.845734110650731452e+00
5.083908284603527034e-02 3.812326131704512733e+00 3.812168672436518690e+00
5.173848256897747161e-02 3.779058492111420087e+00 3.778896276806949839e+00
5.265379366986640275e-02 3.746081407397212626e+00 3.745914313929178618e+00
5.358529763861328427e-02 3.713392407462996037e+00 3.713220308385908996e+00
5.453328094499786810e-02 3.680988952131226455e+00 3.680811720863191638e+00
5.549803512676779182e-02 3.648868720651536890e+00 3.648686226648856668e+00
5.647985687929659576e-02 3.617029209579927240e+00 3.616841315982422422e+00
5.747904814682781166e-02 3.585467666322056157e+00 3.585274225106093837e+00
5.849591621533329483e-02 3.554181769173774708e+00 3.553982629453213971e+00
5.953077380701433247e-02 3.523169321516869790e+00 3.522964333846361207e+00
6.058393917647455357e-02 3.492427744535210543e+00 3.492216758238346319e+00
6.165573620859425563e-02 3.461954604661451107e+00 3.461737467532137291e+00
6.274649451813625600e-02 3.431747805489030245e+00 3.431524362337964540e+00
6.385654955111383368e-02 3.401804887659235721e+00 3.401574981560715472e+00
6.498624268795206993e-02 3.372123471178134491e+00 3.371886942650453634e+00
6.613592134847411097e-02 3.342701466268256372e+00 3.342458151268564936e+00
6.730593909874482694e-02 3.313536491085711688e+00 3.313286219869689742e+00
6.849665575980466714e-02 3.284626289675228517e+00 3.284368888254684204e+00
6.970843751832708768e-02 3.255968751040506870e+00 3.255704043831598948e+00
7.094165703923364930e-02 3.227561557726575714e+00 3.227289367638441320e+00
7.219669358030145201e-02 3.199402586368476520e+00 3.199122733154549092e+00
7.347393310879797579e-02 3.171489696573797090e+00 3.171201996451162852e+00
7.477376842017947889e-02 3.143820697263091102e+00 3.143524963202987799e+00
7.609659925888920262e-02 3.116393659967939378e+00 3.116089701809017676e+00
7.744283244129260280e-02 3.089206394510142228e+00 3.088894018334775726e+00
7.881288198078759133e-02 3.062256492828182797e+00 3.061935500420070344e+00
8.020716921512789643e-02 3.035542090746548460e+00 3.035212280939960205e+00
8.162612293599916247e-02 3.009061248077212536e+00 3.008722416939564770e+00
8.307017952088716073e-02 2.982811739681192620e+00 2.982463680533641526e+00
8.453978306727905068e-02 2.956791602888289461e+00 2.956434105830203940e+00
8.603538552923876981e-02 2.930998966710222753e+00 2.930631818285905243e+00
8.755744685639854641e-02 2.905431698873977009e+00 2.905054682139934119e+00
8.910643513540941751e-02 2.880087863231477918e+00 2.879700757856054061e+00
9.068282673389405080e-02 2.854965611860275310e+00 2.854568194176869689e+00
9.228710644694636256e-02 2.830062889654357150e+00 2.829654932541903811e+00
9.391976764622277096e-02 2.805377842123594867e+00 2.804959115117267476e+00
9.558131243167115876e-02 2.780908612306943528e+00 2.780478881688686510e+00
9.727225178594396671e-02 2.756653224077560083e+00 2.756212252931578011e+00
9.899310573154311566e-02 2.732609901752236503e+00 2.732157449808281680e+00
1.007444034907449548e-01 2.708776771047428866e+00 2.708312594703894849e+00
1.025266836483544330e-01 2.685152025482814953e+00 2.684675877814214129e+00
1.043404943173386751e-01 2.661733983576354490e+00 2.661245614320789432e+00
1.061863933073906724e-01 2.638520714979815107e+00 2.638019870476181250e+00
1.080649482964751440e-01 2.615510188265278924e+00 2.614996611429595497e+00
1.099767370054091919e-01 2.592700911392193941e+00 2.592174341918868308e+00
1.119223473755314724e-01 2.570091133248600723e+00 2.569551307598912260e+00
1.139023777495145884e-01 2.547678938778166202e+00 2.547125590217802493e+00
1.159174370553761740e-01 2.525462748127482282e+00 2.524895606623827060e+00
1.179681449937453885e-01 2.503440889796953339e+00 2.502859682023830246e+00
1.200551322284424127e-01 2.481611526814483160e+00 2.481015976161659253e+00
1.221790405804293461e-01 2.459973083245194481e+00 2.459362909871477765e+00
1.243405232251925813e-01 2.438523921850472398e+00 2.437898842698646984e+00
1.265402448936165658e-01 2.417262285010461031e+00 2.416622013825366899e+00
1.287788820764120823e-01 2.396186635884410165e+00 2.395530883272579459e+00
1.310571232321603163e-01 2.375295342833523726e+00 2.374623816320002412e+00
1.333756689990377720e-01 2.354586737641118255e+00 2.353899141684503871e+00
1.357352324102868435e-01 2.334059313752636200e+00 2.333355349625814146e+00
1.381365391134982967e-01 2.313711441732142937e+00 2.312990807522346426e+00
1.405803275937730357e-01 2.293541641028370659e+00 2.292804031798582276e+00
1.430673494008319335e-01 2.273548421116914131e+00 2.272793528981891686e+00
1.455983693801433387e-01 2.253730089743300802e+00 2.252957603862605573e+00
1.481741659081396989e-01 2.234084985373701926e+00 2.233294591956293207e+00
1.507955311315952451e-01 2.214611848494643542e+00 2.213803230717207082e+00
1.534632712112386221e-01 2.195309123577786181e+00 2.194481961611539855e+00
1.561782065696752653e-01 2.176175194003366009e+00 2.175329165028538458e+00
1.589411721436958524e-01 2.157208754217231572e+00 2.156343532598097301e+00
1.617530176410482134e-01 2.138408321376368271e+00 2.137523578698843352e+00
1.646146078017520775e-01 2.119772337458261102e+00 2.118867742582390967e+00
1.675268226640365399e-01 2.101299494693401826e+00 2.100374713619143741e+00
1.704905578349823203e-01 2.082988348509748011e+00 2.082043044419244815e+00
1.735067247659521084e-01 2.064837417307754830e+00 2.063871250607708596e+00
1.765762510328933166e-01 2.046845403580677569e+00 2.045858032066984133e+00
1.797000806216000057e-01 2.029010878271208185e+00 2.028001957182302917e+00
1.828791742180212176e-01 2.011332455207507586e+00 2.010301637243906647e+00
1.861145095037051445e-01 1.993808828805855971e+00 1.992755764114093608e+00
1.894070814564702276e-01 1.976438603180615594e+00 1.975362939419886166e+00
1.927579026563952524e-01 1.959220551674856203e+00 1.958121934001285203e+00
1.961680035972229452e-01 1.942153353731461696e+00 1.941031424806724637e+00
1.996384330032724141e-01 1.925235522309101333e+00 1.924089922296426947e+00
2.031702581519584105e-01 1.908465753393710829e+00 1.907296120013437513e+00
2.067645652020159985e-01 1.891842917809260172e+00 1.890648886403409223e+00
2.104224595275321352e-01 1.875365652627159596e+00 1.874146856164854658e+00
2.141450660578865239e-01 1.859032624969672698e+00 1.857788694096230930e+00
2.179335296237063790e-01 1.842842718921381850e+00 1.841573282029628889e+00
2.217890153089416283e-01 1.826794628490606920e+00 1.825499311799950286e+00
2.257127088091685219e-01 1.810887057719960280e+00 1.809565485338239910e+00
2.297058167962322817e-01 1.795118892128838795e+00 1.793770686062688968e+00
2.337695672893404519e-01 1.779488863615988015e+00 1.778113643883902473e+00
2.379052100327214425e-01 1.763995746278140597e+00 1.762593130850204304e+00
2.421140168799642001e-01 1.748638417009543033e+00 1.747208021623335217e+00
2.463972821851573292e-01 1.733415636946291194e+00 1.731957075063595308e+00
2.507563232009478726e-01 1.718326258722051136e+00 1.716839141822329884e+00
2.551924804836421812e-01 1.703369140570081486e+00 1.701853078377513429e+00
2.597071183054733834e-01 1.688543103367036391e+00 1.686997703883868827e+00
2.643016250741625495e-01 1.673847112727788744e+00 1.672271981892428538e+00
2.689774137599022508e-01 1.659280001804639859e+00 1.657674743750495283e+00
2.737359223298937438e-01 1.644840479563620894e+00 1.643204696747958105e+00
2.785786141905717828e-01 1.630527528842341534e+00 1.628860821907014422e+00
2.835069786376531176e-01 1.616340123124012651e+00 1.614642090891088566e+00
2.885225313141461800e-01 1.602277073085579762e+00 1.600547312604309491e+00
2.936268146764642317e-01 1.588337309785508467e+00 1.586575416430122454e+00
2.988213984687839164e-01 1.574519841326932568e+00 1.572725408907930555e+00
3.041078802057962660e-01 1.560823528124353876e+00 1.558996148954003402e+00
3.094878856639978748e-01 1.547247317595739746e+00 1.545386582420717803e+00
3.149630693816733440e-01 1.533790228570597325e+00 1.531895726477374042e+00
3.205351151677234278e-01 1.520451160922230649e+00 1.518522479363626054e+00
3.262057366194945351e-01 1.507229110176985687e+00 1.505265835108125838e+00
3.319766776497694027e-01 1.494123088452993908e+00 1.492124804445724484e+00
3.378497130230808110e-01 1.481132034471659864e+00 1.479098324766585870e+00
3.438266489015131544e-01 1.468254991649932117e+00 1.466185438016695208e+00
3.499093234001598440e-01 1.455490961429840135e+00 1.453385144172746335e+00
3.560996071524077378e-01 1.442838963517852457e+00 1.440696461543904405e+00
3.623994038852214605e-01 1.430298104281320093e+00 1.428118495228590357e+00
3.688106510046058606e-01 1.417867356506310461e+00 1.415650216723618682e+00
3.753353201914252368e-01 1.405545623107373077e+00 1.403290527688593192e+00
3.819754180077633010e-01 1.393332093193424992e+00 1.391038615938329448e+00
3.887329865140115581e-01 1.381225840960518925e+00 1.378893554408981759e+00
3.956101038968728445e-01 1.369225839473451556e+00 1.366854314934408343e+00
4.026088851084763109e-01 1.357331228734510731e+00 1.354920036325624855e+00
4.097314825167981400e-01 1.345541123424378815e+00 1.343089832116065363e+00
4.169800865675898360e-01 1.333854539141085427e+00 1.331362716806763435e+00
4.243569264580158151e-01 1.322270620056299695e+00 1.319737833407242267e+00
4.318642708222091842e-01 1.310788497302475264e+00 1.308214311880397718e+00
4.395044284289552627e-01 1.299407227191378356e+00 1.296791207385987743e+00
4.472797488917180653e-01 1.288125979435759794e+00 1.285467688551060750e+00
4.551926233912280684e-01 1.276943886136069128e+00 1.274242886424744148e+00
4.632454854108529751e-01 1.265860047988739412e+00 1.263115900681766490e+00
4.714408114849786280e-01 1.254873657025441291e+00 1.252085922318831646e+00
4.797811219606287758e-01 1.243983842760463032e+00 1.241152079866680191e+00
4.882689817725596737e-01 1.233189801751890302e+00 1.230313568882993369e+00
4.969070012320660479e-01 1.222490743724751194e+00 1.219569598087980600e+00
5.056978368297426751e-01 1.211885768495809534e+00 1.208919266328554176e+00
5.146441920524472691e-01 1.201373969431286159e+00 1.198361666012526028e+00
5.237488182147165272e-01 1.190954672773078871e+00 1.187896122418759415e+00
5.330145153048904128e-01 1.180627053091253709e+00 1.177521809177259460e+00
5.424441328462064060e-01 1.170390238264676697e+00 1.167237853247752977e+00
5.520405707731259604e-01 1.160243523153386525e+00 1.157043548598332805e+00
5.618067803231655555e-01 1.150186121187436017e+00 1.146938107805212770e+00
5.717457649445041312e-01 1.140217193391800388e+00 1.136920691066441336e+00
5.818605812196480098e-01 1.130336033869642876e+00 1.126990591543097997e+00
5.921543398054355256e-01 1.120541875308168844e+00 1.117147040970297045e+00
6.026302063896723515e-01 1.110833918501310746e+00 1.107389239197870801e+00
6.132914026646900663e-01 1.101211466728651223e+00 1.097716488736275364e+00
6.241412073181284992e-01 1.091673759121652321e+00 1.088128027988858992e+00
6.351829570412456105e-01 1.082220044540297410e+00 1.078623105063356791e+00
6.464200475550657687e-01 1.072849627677451512e+00 1.069201023761552571e+00
6.578559346546822839e-01 1.063561759309437305e+00 1.059861033993397816e+00
6.694941352720336081e-01 1.054355776451028293e+00 1.050602472016361810e+00
6.813382285574822728e-01 1.045230978789758458e+00 1.041424636747913635e+00
6.933918569805276322e-01 1.036186575715741576e+00 1.032326736773597764e+00
7.056587274499916962e-01 1.027221846149574791e+00 1.023308050224428278e+00
7.181426124540217781e-01 1.018336197100722318e+00 1.014367983348551050e+00
7.308473512202622313e-01 1.009528902526970473e+00 1.005505809333774758e+00
7.437768508965493242e-01 1.000799237387885565e+00 9.967208023838245445e-01
7.569350877524950727e-01 9.921466061342365528e-01 9.880123662235149595e-01
7.703261084023279581e-01 9.835703145144196746e-01 9.793798058958014252e-01
7.839540310493673392e-01 9.750696599035524326e-01 9.708224180878030074e-01
7.978230467525136982e-01 9.666440463921234238e-01 9.623396061907022458e-01
8.119374207151445200e-01 9.582927993824487123e-01 9.539306949317499784e-01
8.263014935968123753e-01 9.500152531481840246e-01 9.455950178998531186e-01
8.409196828481485531e-01 9.418108099515732912e-01 9.373319766294143651e-01
8.557964840693815800e-01 9.336788075123783059e-01 9.291409080872155002e-01
8.709364723928911811e-01 9.256186247002510248e-01 9.210211904674622252e-01
8.863443038902194537e-01 9.176296539664826613e-01 9.129722156218910145e-01
9.020247170039746853e-01 9.097112598098751057e-01 9.049933474587462667e-01
9.179825340050666860e-01 9.018628865702819075e-01 8.970840296325290897e-01
9.342226624757227205e-01 8.940839151481880798e-01 8.892436424111852533e-01
9.507500968187384549e-01 8.863736554040598792e-01 8.814714950458697462e-01
9.675699197934310991e-01 8.787315465453893193e-01 8.737670261646048875e-01
9.846873040787631481e-01 8.711570487202762170e-01 8.661296953583585978e-01
1.002107513864121335e+00 8.636495281216519659e-01 8.585588682763217738e-01
1.019835906468237186e+00 8.562083989374275061e-01 8.510539585710995558e-01
1.037877933986748324e+00 8.488331372072347447e-01 8.436144417459561229e-01
1.056239144968907251e+00 8.415231354825479793e-01 8.362397098071827628e-01
1.074925186123951937e+00 8.342778191291375656e-01 8.289291876071757104e-01
1.093941804057665612e+00 8.270966682721279106e-01 8.216823548076311878e-01
1.113294847039657309e+00 8.199790949677288054e-01 8.144986229872779315e-01
1.132990266801906731e+00 8.129245535240277043e-01 8.073774460043043888e-01
1.153034120369129667e+00 8.059325191948520928e-01 8.003182986839124657e-01
1.173432571921521728e+00 7.990024227376700816e-01 7.933206113591968478e-01
1.194191894690458611e+00 7.921337476046793613e-01 7.863838671086402776e-01
1.215318472887731982e+00 7.853259622762867043e-01 7.795075340605123193e-01
1.236818803668915612e+00 7.785785352119676261e-01 7.726910803453048704e-01
1.258699499131467281e+00 7.718909903046641263e-01 7.659340295637245832e-01
1.280967288348176414e+00 7.652627816597455945e-01 7.592358355313898466e-01
1.303629019436588710e+00 7.586933181546545724e-01 7.525959068419849629e-01
1.326691661665039490e+00 7.521821563887198803e-01 7.460137998999218922e-01
1.350162307595945022e+00 7.457288079141335402e-01 7.394890260636179935e-01
1.374048175267011507e+00 7.393327228452404309e-01 7.330210352434577414e-01
1.398356610411032985e+00 7.329934313057585582e-01 7.266093574302078251e-01
1.423095088714957823e+00 7.267104648886210105e-01 7.202535241043314107e-01
1.448271218118921899e+00 7.204832966749898926e-01 7.139530082166853919e-01
1.473892741155955033e+00 7.143114604046850724e-01 7.077073434951307584e-01
1.499967537333076750e+00 7.081944951135199506e-01 7.015160690340511707e-01
1.526503625554520349e+00 7.021318943611356556e-01 6.953786784732897130e-01
1.553509166587821344e+00 6.961232082061475923e-01 6.892947219563381189e-01
1.580992465573538786e+00 6.901679749773175221e-01 6.832637378975546794e-01
1.608961974579373289e+00 6.842657099900864015e-01 6.772852417127196434e-01
1.637426295199470250e+00 6.784159785373494733e-01 6.713587989553349011e-01
1.666394181199709612e+00 6.726183158332051937e-01 6.654839451148628626e-01
1.695874541209791753e+00 6.668722844469731070e-01 6.596602430829981989e-01
1.725876441462950384e+00 6.611774650448317692e-01 6.538872738923073857e-01
1.756409108584133572e+00 6.555333782354596517e-01 6.481645585354016692e-01
1.787481932427511078e+00 6.499395300589494440e-01 6.424916034755834282e-01
1.819104468964179988e+00 6.443955570292104751e-01 6.368680458111513065e-01
1.851286443220957700e+00 6.389010211618355584e-01 6.312934481257358454e-01
1.884037752271164656e+00 6.334554520431544544e-01 6.257673405927018928e-01
1.917368468278317861e+00 6.280584664724835342e-01 6.202893407558830452e-01
1.951288841593669776e+00 6.227096466711348199e-01 6.148590315964238551e-01
1.985809303908548484e+00 6.174085405941924787e-01 6.094759618466186746e-01
2.020940471462462806e+00 6.121547649743529496e-01 6.041397491741543613e-01
2.056693148307966901e+00 6.069479112800534315e-01 5.988499860163126742e-01
2.093078329633274226e+00 6.017875477689201835e-01 5.936062416345411208e-01
2.130107205143668914e+00 5.966732980861655378e-01 5.884081407971784028e-01
2.167791162502722635e+00 5.916047560396743288e-01 5.832552784539146717e-01
2.206141790834397209e+00 5.865815137351203523e-01 5.781472479262508291e-01
2.245170884287100765e+00 5.816031984511125241e-01 5.730836778691724698e-01
2.284890445660801017e+00 5.766694070378243220e-01 5.680641665399772666e-01
2.325312690098297885e+00 5.717797787992580094e-01 5.630883547661634791e-01
2.366450048841808318e+00 5.669339406353519628e-01 5.581558710300439374e-01
2.408315173056000180e+00 5.621314705657943778e-01 5.532662949460864787e-01
2.450920937718668480e+00 5.573719692642072898e-01 5.484192289002800536e-01
2.494280445580232985e+00 5.526551217537185590e-01 5.436143598426724788e-01
2.538407031193292696e+00 5.479805394821174458e-01 5.388513011067207481e-01
2.583314265013460176e+00 5.433478271493276113e-01 5.341296593556539296e-01
2.629015957572749418e+00 5.387566631171840648e-01 5.294491151670858153e-01
2.675526163726792195e+00 5.342066761425973143e-01 5.248092995134219230e-01
2.722859186977193868e+00 5.296974838730701407e-01 5.202098323343983255e-01
2.771029583870356472e+00 5.252287639095164495e-01 5.156503937187396636e-01
2.820052168474122656e+00 5.208001547857672442e-01 5.111306247100668720e-01
2.869942016933613171e+00 5.164112932491065067e-01 5.066501646648987611e-01
2.920714472107665660e+00 5.120618571398132257e-01 5.022086942377806951e-01
2.972385148287296275e+00 5.077514898734555304e-01 4.978058596847941275e-01
3.024969935997635417e+00 5.034798521058692078e-01 4.934413246482486914e-01
3.078485006884814634e+00 4.992466170965184080e-01 4.891147655096602098e-01
3.132946818689309687e+00 4.950514396141970086e-01 4.848258402284598700e-01
3.188372120307267021e+00 4.908940170851141538e-01 4.805742496480874260e-01
3.244777956941367947e+00 4.867740172879205796e-01 4.763596650049827241e-01
3.302181675342822142e+00 4.826910682955887766e-01 4.721817178467145881e-01
3.360600929146094984e+00 4.786448574185175331e-01 4.680400992299418306e-01
3.420053684298010488e+00 4.746350964955121654e-01 4.639345249219778977e-01
3.480558224582905869e+00 4.706614439488994717e-01 4.598646572539490940e-01
3.542133157245527464e+00 4.667235752714103958e-01 4.558301758047282326e-01
3.604797418713404422e+00 4.628212088655037082e-01 4.518308033181799854e-01
3.668570280420456964e+00 4.589540166394944776e-01 4.478662160410489257e-01
3.733471354733630676e+00 4.551216811040149635e-01 4.439361009861345631e-01
3.799520600984380714e+00 4.513239216067693738e-01 4.400401822426401877e-01
3.866738331606856871e+00 4.475604194889333809e-01 4.361781459143286854e-01
3.935145218384681343e+00 4.438308736949317379e-01 4.323496959032829823e-01
4.004762298808242527e+00 4.401350002061638067e-01 4.285545533427607134e-01
4.075610982544447758e+00 4.364724889117374551e-01 4.247924133285460035e-01
4.147713058020943144e+00 4.328430556027449416e-01 4.210629970908891240e-01
4.221090699126810009e+00 4.292464118357956493e-01 4.173660217554771568e-01
4.295766472031800731e+00 4.256822648143782084e-01 4.137012002283571022e-01
4.371763342126224750e+00 4.221503543866746422e-01 4.100682783294006817e-01
4.449104681083597690e+00 4.186503846031206511e-01 4.064669661017933366e-01
4.527814274048244769e+00 4.151820321634955291e-01 4.028969462900262588e-01
4.607916326950056707e+00 4.117450484197558991e-01 3.993579767080688292e-01
4.689435473948652344e+00 4.083391692665306327e-01 3.958497998014370300e-01
4.772396785009236808e+00 4.049640944716031976e-01 3.923721218980069647e-01
4.856825773612485797e+00 4.016195612354284683e-01 3.889246870966021619e-01
4.942748404600827428e+00 3.983053148245809805e-01 3.855072477760317917e-01
5.030191102163528605e+00 3.950210668438972617e-01 3.821195226868174255e-01
5.119180757963053274e+00 3.917665568577229918e-01 3.787612587785686991e-01
5.209744739405178571e+00 3.885415331410027040e-01 3.754322118745936909e-01
5.301910898055422372e+00 3.853457173394626567e-01 3.721321112054076230e-01
5.395707578204366861e+00 3.821788586090810180e-01 3.688607138430814447e-01
5.491163625584509766e+00 3.790407038443865395e-01 3.656177747661519817e-01
5.588308396241326470e+00 3.759309849698228567e-01 3.624030340774800907e-01
5.687171765561274128e+00 3.728494604020682335e-01 3.592162586372454336e-01
5.787784137459509815e+00 3.697958744917808072e-01 3.560572013386315571e-01
5.890176453730146200e+00 3.667699817887907221e-01 3.529256254925548508e-01
5.994380203561929576e+00 3.637715515295074087e-01 3.498213093338815027e-01
6.100427433222254336e+00 3.608003201756834755e-01 3.467439983098485889e-01
6.208350755912506180e+00 3.578560120651432253e-01 3.436934258520180641e-01
6.318183361797746755e+00 3.549384221258981009e-01 3.406693965972290572e-01
6.429959028213846572e+00 3.520473094609188891e-01 3.376716793492222091e-01
6.543712130055183707e+00 3.491824125720685568e-01 3.347000223923933815e-01
6.659477650346117272e+00 3.463435146599515568e-01 3.317542190023851645e-01
6.777291190999480186e+00 3.435303849461766035e-01 3.288340485343823616e-01
6.897188983765403236e+00 3.407427717021712654e-01 3.259392694090994524e-01
7.019207901373834879e+00 3.379804580252636081e-01 3.230696753736304050e-01
7.143385468874182465e+00 3.352432172278274614e-01 3.202250505170274875e-01
7.269759875175570762e+00 3.325308076017819969e-01 3.174051639887900955e-01
7.398369984791250076e+00 3.298430165706646711e-01 3.146098143231101374e-01
7.529255349790789253e+00 3.271796179159914830e-01 3.118387864842488977e-01
7.662456221963703129e+00 3.245403815667581293e-01 3.090918617323412665e-01
7.798013565198275820e+00 3.219250978646102657e-01 3.063688421104241999e-01
7.935969068079378630e+00 3.193335407496872280e-01 3.036695133127817470e-01
8.076365156709153226e+00 3.167655045714811157e-01 3.009936817043610269e-01
8.219245007754514276e+00 3.142207805984034152e-01 2.983411507020503617e-01
8.364652561725463897e+00 3.116991336332597951e-01 2.957116972518037956e-01
8.512632536488331070e+00 3.092003348356170411e-01 2.931051048482326560e-01
8.663230441018063388e+00 3.067242056457952781e-01 2.905212077419178085e-01
8.816492589393812196e+00 3.042705282771447917e-01 2.879598008146090904e-01
8.972466115042125878e+00 3.018390783026586033e-01 2.854206724085007751e-01
9.131198985232101606e+00 2.994296714686333072e-01 2.829036516027587655e-01
9.292740015826996824e+00 2.970420989557761571e-01 2.804085428758655296e-01
9.457138886296794666e+00 2.946761433640922578e-01 2.779351422147603445e-01
9.624446154996363134e+00 2.923316197977835484e-01 2.754832783849009981e-01
9.794713274713904738e+00 2.900083241832404068e-01 2.730527609490067120e-01
9.967992608494469664e+00 2.877060489411776278e-01 2.706433960691334017e-01
1.014433744574341567e+01 2.854246096901925656e-01 2.682550135435857186e-01
1.032380201861474589e+01 2.831638041981728304e-01 2.658874252759597656e-01
1.050644151868936760e+01 2.809234372338021979e-01 2.635404503553503974e-01
1.069231211394843584e+01 2.787033224385928043e-01 2.612139169339867673e-01
1.088147096604693864e+01 2.765032623237054787e-01 2.589076420667376643e-01
1.107397624789290091e+01 2.743230817563488411e-01 2.566214654925680350e-01
1.126988716153756087e+01 2.721625917070456535e-01 2.543552130304695402e-01
1.146926395638206486e+01 2.700215815144405007e-01 2.521086887589666370e-01
1.167216794770624055e+01 2.678998677937462491e-01 2.498817244440693919e-01
1.187866153552517368e+01 2.657972855234871368e-01 2.476741705315020359e-01
1.208880822377937925e+01 2.637136400221284371e-01 2.454858476102605713e-01
1.230267263986446480e+01 2.616487427138349808e-01 2.433165825420372241e-01
1.252032055450629144e+01 2.596024309860099355e-01 2.411662285066781819e-01
1.274181890198776301e+01 2.575745172288604334e-01 2.390346135174660491e-01
1.296723580073343385e+01 2.555648170863353275e-01 2.369215689576359418e-01
1.319664057425828396e+01 2.535731680767149276e-01 2.348269483937368840e-01
1.343010377248711151e+01 2.515993874053377710e-01 2.327505849018811634e-01
1.366769719345107426e+01 2.496432996689219308e-01 2.306923191415154728e-01
1.390949390536808394e+01 2.477047406600035584e-01 2.286520032274984848e-01
1.415556826911380739e+01 2.457835316120171310e-01 2.266294746095089963e-01
1.440599596109022329e+01 2.438795066449360449e-01 2.246245838255056804e-01
1.466085399649873189e+01 2.419924990746006310e-01 2.226371806511048823e-01
1.492022075302501172e+01 2.401223385763646134e-01 2.206671112416790648e-01
1.518417599494286740e+01 2.382688729686256446e-01 2.187142402089732318e-01
1.545280089764451503e+01 2.364319318410418036e-01 2.167784137260529431e-01
1.572617807260482792e+01 2.346113294219562551e-01 2.148594624310224410e-01
1.600439159278723267e+01 2.328069178250990190e-01 2.129572554293810149e-01
1.628752701849906614e+01 2.310185441255213079e-01 2.110716567483894857e-01
1.657567142370432478e+01 2.292460352837091819e-01 2.092025100356526279e-01
1.686891342280193840e+01 2.274892363251101446e-01 2.073496773054601394e-01
1.716734319787777352e+01 2.257479990905461031e-01 2.055130275113016547e-01
1.747105252643874351e+01 2.240221569714402061e-01 2.036924108879503981e-01
1.778013480963758397e+01 2.223115567458129049e-01 2.018876912837566373e-01
1.809468510099694427e+01 2.206160517984959157e-01 2.000987392648790886e-01
1.841480013564163443e+01 2.189354808444131106e-01 1.983254104893027447e-01
1.874057836004805111e+01 2.172696963821777738e-01 1.965675746394420220e-01
1.907211996231988138e+01 2.156185511142713063e-01 1.948251016028565152e-01
1.940952690299934957e+01 2.139818891910717225e-01 1.930978525601998452e-01
1.975290294642374889e+01 2.123595687197834814e-01 1.913857028857610665e-01
2.010235369263647698e+01 2.107514411779531638e-01 1.896885211886563116e-01
2.045798660986273987e+01 2.091573622855636971e-01 1.880061803709510704e-01
2.081991106755977228e+01 2.075771970446017023e-01 1.863385627446925707e-01
2.118823837005171384e+01 2.060107931337849252e-01 1.846855329299324777e-01
2.156308179075956843e+01 2.044579909477043378e-01 1.830469480760699152e-01
2.194455660703669864e+01 2.029186682608846992e-01 1.814227034341754363e-01
2.233278013562062014e+01 2.013926853283244944e-01 1.798126763313607490e-01
2.272787176871196380e+01 1.998798909081858921e-01 1.782167323105660339e-01
2.312995301069171816e+01 1.983801568588307862e-01 1.766347604385756220e-01
2.353914751548803252e+01 1.968933489642810952e-01 1.750666435155042167e-01
2.395558112460410527e+01 1.954193215454647081e-01 1.735122525647651015e-01
2.437938190581879994e+01 1.939579469831474445e-01 1.719714770101249124e-01
2.481068019257192958e+01 1.925090935290968142e-01 1.704442019794142615e-01
2.524960862404631712e+01 1.910726211880027503e-01 1.689303040860913596e-01
2.569630218595893822e+01 1.896484052905748341e-01 1.674296755348322896e-01
2.615089825207370566e+01 1.882363146523354513e-01 1.659422017631244084e-01
2.661353662644868834e+01 1.868362157329560846e-01 1.644677657022000361e-01
2.708435958643067920e+01 1.854479861543339991e-01 1.630062616423702537e-01
2.756351192641043824e+01 1.840714951388971177e-01 1.615575751540226090e-01
2.805114100235197938e+01 1.827066224044392173e-01 1.601216024707192986e-01
2.854739677710963619e+01 1.813532468184632096e-01 1.586982388405384081e-01
2.905243186654685061e+01 1.800112334581747686e-01 1.572873652381260312e-01
2.956640158647084249e+01 1.786804502038241149e-01 1.558888654021133024e-01
3.008946400039760150e+01 1.773607921072745119e-01 1.545026508644299079e-01
3.062177996816190273e+01 1.760521338983460915e-01 1.531286121446579496e-01
3.116351319538729570e+01 1.747543466751346752e-01 1.517666358962085349e-01
3.171483028383124747e+01 1.734673228881463136e-01 1.504166306092353245e-01
3.227590078262096540e+01 1.721909425425997564e-01 1.490784918185736052e-01
3.284689724039563430e+01 1.709250811113956492e-01 1.477521102446618939e-01
3.342799525837111929e+01 1.696696312812310814e-01 1.464373942091918568e-01
3.401937354434342353e+01 1.684244760537540464e-01 1.451342418879737195e-01
3.462121396764751324e+01 1.671894966287176543e-01 1.438425494422401751e-01
3.523370161508848497e+01 1.659645866435911221e-01 1.425622257231307088e-01
3.585702484786214939e+01 1.647496306427057855e-01 1.412931700202064988e-01
3.649137535948263178e+01 1.635445169378838826e-01 1.400352853531254826e-01
3.713694823473480966e+01 1.623491387776546946e-01 1.387884796738412252e-01
3.779394200966959971e+01 1.611633837720956031e-01 1.375526549218116512e-01
3.846255873266072456e+01 1.599871513984039983e-01 1.363277251521465006e-01
3.914300402654156841e+01 1.588203341377498745e-01 1.351135969806220860e-01
3.983548715184134892e+01 1.576628133944222299e-01 1.339101653439253303e-01
4.054022107113996753e+01 1.565144851188960962e-01 1.327173400858317753e-01
4.125742251456140508e+01 1.553752548679842860e-01 1.315350408237482838e-01
4.198731204642576387e+01 1.542450130155757770e-01 1.303631712107599649e-01
4.273011413308039863e+01 1.531236535561834866e-01 1.292016384649045391e-01
4.348605721193116835e+01 1.520110839574584927e-01 1.280503636074918072e-01
4.425537376169479842e+01 1.509071989201901665e-01 1.269092541694495091e-01
4.503830037389421648e+01 1.498118953518263741e-01 1.257782197617249298e-01
4.583507782561858335e+01 1.487250814759577544e-01 1.246571815476501116e-01
4.664595115357064969e+01 1.476466551922814285e-01 1.235460496971636096e-01
4.747116972942402668e+01 1.465765188082136794e-01 1.224447387620729161e-01
4.831098733651359822e+01 1.455145802983420777e-01 1.213531689915050144e-01
4.916566224788275719e+01 1.444607404504638926e-01 1.202712528854702478e-01
5.003545730571126171e+01 1.434149071674447051e-01 1.191989101397159662e-01
5.092064000214836739e+01 1.423769878623382390e-01 1.181360596872619018e-01
5.182148256157591959e+01 1.413468886241465994e-01 1.170826188282773211e-01
5.273826202432679366e+01 1.403245249870544720e-01 1.160385145104628479e-01
5.367126033188441880e+01 1.393098030896732786e-01 1.150036635664212215e-01
5.462076441358954071e+01 1.383026216404927844e-01 1.139779747668595855e-01
5.558706627488098206e+01 1.373028997518621341e-01 1.129613780363328546e-01
5.657046308709740146e+01 1.363105531279090177e-01 1.119537994444642914e-01
5.757125727886782585e+01 1.353254876786433025e-01 1.109551544894872011e-01
5.858975662911890225e+01 1.343476196534520439e-01 1.099653692609400130e-01
5.962627436172764561e+01 1.333768680472037782e-01 1.089843724405757525e-01
6.068112924184858770e+01 1.324131428803107247e-01 1.080120829594721499e-01
6.175464567394517701e+01 1.314563620625587570e-01 1.070484277708129706e-01
6.284715380155533637e+01 1.305064462284444560e-01 1.060933363924217582e-01
6.395898960882212236e+01 1.295633090510171781e-01 1.051467306771027149e-01
6.509049502382045205e+01 1.286268720611650207e-01 1.042085404643169622e-01
6.624201802371186432e+01 1.276970564273953168e-01 1.032786948813995548e-01
6.741391274175957449e+01 1.267737796292023045e-01 1.023571188194567633e-01
6.860653957623671317e+01 1.258569667060018271e-01 1.014437448355392096e-01
6.982026530126132968e+01 1.249465391170261064e-01 1.005385013425632995e-01
7.105546317959210967e+01 1.240424216680609398e-01 9.964131995239058903e-02
7.231251307741965206e+01 1.231445432146572455e-01 9.875213621204573244e-02
7.359180158118850557e+01 1.222528240877219230e-01 9.787087624308946077e-02
7.489372211648588973e+01 1.213671820659711770e-01 9.699746307736140105e-02
7.621867506903377887e+01 1.204875543462396864e-01 9.613184000402945351e-02
7.756706790782105543e+01 1.196138683932518043e-01 9.527393956668474273e-02
7.893931531041512528e+01 1.187460468351088233e-01 9.442368875625969937e-02
8.033583929048859318e+01 1.178840250201180773e-01 9.358102770289987438e-02
8.175706932760429879e+01 1.170277343002702475e-01 9.274589185156489890e-02
8.320344249929387104e+01 1.161771011405674237e-01 9.191821100009313350e-02
8.467540361547561645e+01 1.153320621438262972e-01 9.109792533063473807e-02
8.617340535524760980e+01 1.144925510694830006e-01 9.028497153075266957e-02
8.769790840610357918e+01 1.136584985139135612e-01 8.947928244138157738e-02
8.924938160560891731e+01 1.128298434404665235e-01 8.868079938698683606e-02
9.082830208558590357e+01 1.120065211185931470e-01 8.788945924846915114e-02
9.243515541884686115e+01 1.111884668514242364e-01 8.710519844663207334e-02
9.407043576852606748e+01 1.103756215524109435e-01 8.632795890870605116e-02
9.573464604005062029e+01 1.095679222211411868e-01 8.555767783987405783e-02
9.742829803580275438e+01 1.087653123632446872e-01 8.479429890082797183e-02
9.915191261251536048e+01 1.079677342728579265e-01 8.403776390110989647e-02
1.009060198414549774e+02 1.071751237056802752e-01 8.328800705869403298e-02
1.026911591714355723e+02 1.063874203021826781e-01 8.254496619973873683e-02
1.045078795947193413e+02 1.056045760967788405e-01 8.180859190006374571e-02
1.063567398158492381e+02 1.048265331579119330e-01 8.107882340666351662e-02
1.082383084234716648e+02 1.040532333382341440e-01 8.035559911974610170e-02
1.101531640651955257e+02 1.032846294440474683e-01 7.963886861771789227e-02
1.121018956255481243e+02 1.025206676524821614e-01 7.892857368348955849e-02
1.140851024070758513e+02 1.017612934331750818e-01 7.822465467759773250e-02
1.161033943146523200e+02 1.010064612776145204e-01 7.752706103450500430e-02
1.181573920430433731e+02 1.002561205508681608e-01 7.683573595732218209e-02
1.202477272677941897e+02 9.951022139210245754e-02 7.615062278349007951e-02
1.223750428394894527e+02 9.876872012929324707e-02 7.547167082919423176e-02
1.245399929814542332e+02 9.803156881414272494e-02 7.479882404479104574e-02
1.267432434909482737e+02 9.729872301508522836e-02 7.413202944292610064e-02
1.289854719439238124e+02 9.657014032992461416e-02 7.347123547006703670e-02
1.312673679034016629e+02 9.584577673416674881e-02 7.281638803336898391e-02
1.335896331315377665e+02 9.512559497831525601e-02 7.216743960013449755e-02
1.359529818054373322e+02 9.440955389212171700e-02 7.152433757017051530e-02
1.383581407367912561e+02 9.369760757375439342e-02 7.088702337944186027e-02
1.408058495953936244e+02 9.298972045228379169e-02 7.025544885089966829e-02
1.432968611366181904e+02 9.228585954679589809e-02 6.962956776850388885e-02
1.458319414329143626e+02 9.158598545359365739e-02 6.900932606816533033e-02
1.484118701094035089e+02 9.089006319723917648e-02 6.839467362672775608e-02
1.510374405836382437e+02 9.019806323161773387e-02 6.778556533833055009e-02
1.537094603096082892e+02 8.950995048767552975e-02 6.718194918200294519e-02
1.564287510260581371e+02 8.882569334618790891e-02 6.658377598381266804e-02
1.591961490092027418e+02 8.814526495232004322e-02 6.599100083932409044e-02
1.620125053299088620e+02 8.746863418001997459e-02 6.540357325724660553e-02
1.648786861154314920e+02 8.679577411584334101e-02 6.482144640198771179e-02
1.677955728157754436e+02 8.612666001465872634e-02 6.424457485675492963e-02
1.707640624747743630e+02 8.546126472725473766e-02 6.367290963061261744e-02
1.737850680059601984e+02 8.479956604601283920e-02 6.310640617283634624e-02
1.768595184733185022e+02 8.414154125909779902e-02 6.254501842409540546e-02
1.799883593770050538e+02 8.348716882556084240e-02 6.198870064649105588e-02
1.831725529441227422e+02 8.283643194417805722e-02 6.143741132356868306e-02
1.864130784246369217e+02 8.218930930311264815e-02 6.089110305511041127e-02
1.897109323925317597e+02 8.154577737517275382e-02 6.034972506891279898e-02
1.930671290522880952e+02 8.090582488164832498e-02 5.981323902965757916e-02
1.964827005507897582e+02 8.026943716549757302e-02 5.928160197088234301e-02
1.999586972947413983e+02 7.963659614064658165e-02 5.875476624807722537e-02
2.034961882737079577e+02 7.900729113463972331e-02 5.823269141186911135e-02
2.070962613888630983e+02 7.838151147037854261e-02 5.771533610657629543e-02
2.107600237875595894e+02 7.775924319507152016e-02 5.720265450842691723e-02
2.144886022038122917e+02 7.714047827783626632e-02 5.669460640894681547e-02
2.182831433048114036e+02 7.652520896106122794e-02 5.619115105587448034e-02
2.221448140435587959e+02 7.591342520247172654e-02 5.569224437806476885e-02
2.260748020177501019e+02 7.530512225885628574e-02 5.519784730858914162e-02
2.300743158349987141e+02 7.470029450316659214e-02 5.470791904794247706e-02
2.341445854845280792e+02 7.409893577258369612e-02 5.422241747693912206e-02
2.382868627154323633e+02 7.350104418694712594e-02 5.374130446779104564e-02
2.425024214216365124e+02 7.290661590176898688e-02 5.326453907775646063e-02
2.467925580336589917e+02 7.231565050151751717e-02 5.279208349751168816e-02
2.511585919173129753e+02 7.172814837483855455e-02 5.232390021666263880e-02
2.556018657794532203e+02 7.114410596853371072e-02 5.185994686720685198e-02
2.601237460809089725e+02 7.056352035538118739e-02 5.140018127097434331e-02
2.647256234567138904e+02 6.998639805316229923e-02 5.094457114278431314e-02
2.694089131437789888e+02 6.941273966387966066e-02 5.049307731535685601e-02
2.741750554161224045e+02 6.884254456656500876e-02 5.004565893110646951e-02
2.790255160278084645e+02 6.827581913309076211e-02 4.960228251453616816e-02
2.839617866637129282e+02 6.771256629288069373e-02 4.916291057178552582e-02
2.889853853982729106e+02 6.715278740172364591e-02 4.872750369870643833e-02
2.940978571623422226e+02 6.659648932526067433e-02 4.829602841410116781e-02
2.993007742183163487e+02 6.604367612262497522e-02 4.786844808829748832e-02
3.045957366436527991e+02 6.549435102175431289e-02 4.744472516983523624e-02
3.099843728229550948e+02 6.494852118652633122e-02 4.702482647731724696e-02
3.154683399487527709e+02 6.440619086080827393e-02 4.660871572829499571e-02
3.210493245311504324e+02 6.386736509090311376e-02 4.619635769424768751e-02
3.267290429164831380e+02 6.333205042248367389e-02 4.578771902761401974e-02
3.325092418151576226e+02 6.280025123770305306e-02 4.538276428696235570e-02
3.383916988388208438e+02 6.227197526905890040e-02 4.498146207636431054e-02
3.443782230470428090e+02 6.174722778377032123e-02 4.458377869018195078e-02
3.504706555036596569e+02 6.122601006661383682e-02 4.418967649708166467e-02
3.566708698429701485e+02 6.070832723278844767e-02 4.379912260076971459e-02
3.629807728459374516e+02 6.019418718659539508e-02 4.341208774214433408e-02
3.694023050265963661e+02 5.968359237036480885e-02 4.302853725464251405e-02
3.759374412288227632e+02 5.917654559641517820e-02 4.264843755880350085e-02
3.825881912336724326e+02 5.867305335336191197e-02 4.227175987706142946e-02
3.893566003774525939e+02 5.817311736559908908e-02 4.189847093121263494e-02
3.962447501807397430e+02 5.767673920726094916e-02 4.152853809171713761e-02
4.032547589885133448e+02 5.718392327648183504e-02 4.116193270417156658e-02
4.103887826216264898e+02 5.669466986124391261e-02 4.079862246756146144e-02
4.176490150397893899e+02 5.620897973307132506e-02 4.043857653985175049e-02
4.250376890162945642e+02 5.572685458963509697e-02 4.008176605738138915e-02
4.325570768246652733e+02 5.524829290865102688e-02 3.972815958769318478e-02
4.402094909374653753e+02 5.477329446443152811e-02 3.937772814247809255e-02
4.479972847374579032e+02 5.430185790198716056e-02 3.903044252447029211e-02
4.559228532413588937e+02 5.383398045671167198e-02 3.868627303491913028e-02
4.639886338363809841e+02 5.336966136361475516e-02 3.834519324164586268e-02
4.721971070298217796e+02 5.290889581524450130e-02 3.800717335694707433e-02
4.805507972118983844e+02 5.245167559056036072e-02 3.767218094265194911e-02
4.890522734320927043e+02 5.199799802127390291e-02 3.734019071212710955e-02
4.977041501892155111e+02 5.154785824796552507e-02 3.701117607970472873e-02
5.065090882354630821e+02 5.110124720618757638e-02 3.668510697007679872e-02
5.154697953946832740e+02 5.065815818563139394e-02 3.636195694530509198e-02
5.245890273951329164e+02 5.021858426670254560e-02 3.604170042954010778e-02
5.338695887169520802e+02 4.978251455879780657e-02 3.572430863800198086e-02
5.433143334546467713e+02 4.934993978197407816e-02 3.540975555655426210e-02
5.529261661948143001e+02 4.892085047004612192e-02 3.509801602035168139e-02
5.627080429094120291e+02 4.849523383665809567e-02 3.478906236575089739e-02
5.726629718648144944e+02 4.807307876569490157e-02 3.448286967150453186e-02
5.827940145469624440e+02 4.765437297626913538e-02 3.417941277660424548e-02
5.931042866028797107e+02 4.723910198622397610e-02 3.387866517713489928e-02
6.035969587988344074e+02 4.682725294775049590e-02 3.358060298188762782e-02
6.142752579954689054e+02 4.641881080062202486e-02 3.328520093173553684e-02
6.251424681401623502e+02 4.601376080364080745e-02 3.299243494622485645e-02
6.362019312769672297e+02 4.561208865595198225e-02 3.270228223328305178e-02
6.474570485743947756e+02 4.521377616264384003e-02 3.241471690108089360e-02
6.589112813714018557e+02 4.481880339248201645e-02 3.212971210271669403e-02
6.705681522418626628e+02 4.442715651678962041e-02 3.184724782136199445e-02
6.824312460778928653e+02 4.403881733866703979e-02 3.156730044458812973e-02
6.945042111923173707e+02 4.365376510959938922e-02 3.128984455874010001e-02
7.067907604406642577e+02 4.327198300674107295e-02 3.101485921127114867e-02
7.192946723629851249e+02 4.289345194067326755e-02 3.074232191131097761e-02
7.320197923458991909e+02 4.251815025038158807e-02 3.047220832261801973e-02
7.449700338051708286e+02 4.214605940147524848e-02 3.020449762385930825e-02
7.581493793892326494e+02 4.177715907280696306e-02 2.993916787811874355e-02
7.715618822039763245e+02 4.141142703244969636e-02 2.967619589432313534e-02
7.852116670592351966e+02 4.104884365940750235e-02 2.941556135485354218e-02
7.991029317372936021e+02 4.068938725019319996e-02 2.915724251719403054e-02
8.132399482838640097e+02 4.033303546735074463e-02 2.890121749840963983e-02
8.276270643218755367e+02 3.997976763714517628e-02 2.864746631581062408e-02
8.422687043885325693e+02 3.962956090961423233e-02 2.839596744990373692e-02
8.571693712959994400e+02 3.928239451636129226e-02 2.814670155297508899e-02
8.723336475161855788e+02 3.893824668425540508e-02 2.789964875081377138e-02
8.877661965900002770e+02 3.859709238065940629e-02 2.765478667570017701e-02
9.034717645615675110e+02 3.825890746532767395e-02 2.741209402259863620e-02
9.194551814377847450e+02 3.792367272492321029e-02 2.717155400223681891e-02
9.357213626737323011e+02 3.759136420713205667e-02 2.693314605323878300e-02
9.522753106843313162e+02 3.726195720359383456e-02 2.669684922477186945e-02
9.691221163827748342e+02 3.693543135805842093e-02 2.646264642988167479e-02
9.862669607461454007e+02 3.661176305541777309e-02 2.623051809488951766e-02
1.003715116408759968e+03 3.629092770190683881e-02 2.600044404009985502e-02
1.021471949283672529e+03 3.597290431306293668e-02 2.577240721948857380e-02
1.039542920212894614e+03 3.565766929282281755e-02 2.554638864334513385e-02
1.057933586646777030e+03 3.534519869432845018e-02 2.532236919609735792e-02
1.076649604353135373e+03 3.503547110894151412e-02 2.510033194014668276e-02
1.095696729156577703e+03 3.472846277411219956e-02 2.488025820499375346e-02
1.115080818708637935e+03 3.442415086413952441e-02 2.466213018203867666e-02
1.134807834289188804e+03 3.412251332667459724e-02 2.444593079132854896e-02
1.154883842639760132e+03 3.382352675204883946e-02 2.423164199874579261e-02
1.175315017829254430e+03 3.352717046377125948e-02 2.401924798599681943e-02
1.196107643152705577e+03 3.323342178475056224e-02 2.380873148047434745e-02
1.217268113063590590e+03 3.294225528931246649e-02 2.360007317582207831e-02
1.238802935140366344e+03 3.265364926623835762e-02 2.339325669614338715e-02
1.260718732087754688e+03 3.236758384636288094e-02 2.318826715652893070e-02
1.283022243773474656e+03 3.208403544289205322e-02 2.298508689531273547e-02
1.305720329300964977e+03 3.180298138998553792e-02 2.278369900623495800e-02
1.328819969118817198e+03 3.152440212561854332e-02 2.258408898868943457e-02
1.352328267167483773e+03 3.124827485317812487e-02 2.238623995154988278e-02
1.376252453064009387e+03 3.097457728233038790e-02 2.219013542736901490e-02
1.400599884325365110e+03 3.070328982555760658e-02 2.199576101602688030e-02
1.425378048631164120e+03 3.043439024072145532e-02 2.180310037328224426e-02
1.450594566126358586e+03 3.016785730312261313e-02 2.161213794331659499e-02
1.476257191764722620e+03 2.990367116783937060e-02 2.142285922608572549e-02
1.502373817693746105e+03 2.964181009562337835e-02 2.123524834802354225e-02
1.528952475681767510e+03 2.938225404731788226e-02 2.104929071363031284e-02
1.556001339587995972e+03 2.912498284579854296e-02 2.086497165024998532e-02
1.583528727876283256e+03 2.886997584905294512e-02 2.068227616302890579e-02
1.611543106173312935e+03 2.861721481490001051e-02 2.050119103368453627e-02
1.640053089872100372e+03 2.836667908437342026e-02 2.032170129186397153e-02
1.669067446781499484e+03 2.811834593641743610e-02 2.014379047488366534e-02
1.698595099822633756e+03 2.787219763957785035e-02 1.996744577799066528e-02
1.728645129772977498e+03 2.762821592905684992e-02 1.979265402084917289e-02
1.759226778059037088e+03 2.738637980914148881e-02 1.961940004438098711e-02
1.790349449598382080e+03 2.714667054682293190e-02 1.944767034285379073e-02
1.822022715692012525e+03 2.690907056370724776e-02 1.927745225876879506e-02
1.854256316967836483e+03 2.667355975180769195e-02 1.910873130717319693e-02
1.887060166376281359e+03 2.644011959992267208e-02 1.894149416604984371e-02
1.920444352238838746e+03 2.620873276527820386e-02 1.877572836611273929e-02
1.954419141350604150e+03 2.597937985064989116e-02 1.861141995777519306e-02
1.988994982137642410e+03 2.575204315256385268e-02 1.844855621906726570e-02
2.024182507870271365e+03 2.552670525273399715e-02 1.828712463858479104e-02
2.059992539933130502e+03 2.530334745206255093e-02 1.812711178475244836e-02
2.096436091153163034e+03 2.508195288443814883e-02 1.796850555017150131e-02
2.133524369186410695e+03 2.486250397571861809e-02 1.781129332060887860e-02
2.171268779964789701e+03 2.464498342815664780e-02 1.765546268292667725e-02
2.209680931203775799e+03 2.442937553340811946e-02 1.750100236982056467e-02
2.248772635972215539e+03 2.421566226032025732e-02 1.734789944510682635e-02
2.288555916325217368e+03 2.400382427074576261e-02 1.719614003442448968e-02
2.329043007001387195e+03 2.379384721997283500e-02 1.704571385517546916e-02
2.370246359185399797e+03 2.358571493627673737e-02 1.689660931293418197e-02
2.412178644337205697e+03 2.337940938201470489e-02 1.674881347383549643e-02
2.454852758088906285e+03 2.317491531339788136e-02 1.660231541121013482e-02
2.498281824210648665e+03 2.297221730375939922e-02 1.645710406809652512e-02
2.542479198646597524e+03 2.277129809354902501e-02 1.631316707255964227e-02
2.587458473622395559e+03 2.257214251809286018e-02 1.617049355656335202e-02
2.633233481825199306e+03 2.237473545918330572e-02 1.602907268609850625e-02
2.679818300657755117e+03 2.217906036563536271e-02 1.588889259961813807e-02
2.727227256567643963e+03 2.198510257731177073e-02 1.574994279222809851e-02
2.775474929453206187e+03 2.179284700195397231e-02 1.561221244955332023e-02
2.824576157147319918e+03 2.160227782729935361e-02 1.547569024121362401e-02
2.874546039980595651e+03 2.141338088481798893e-02 1.534036601556168326e-02
2.925399945425206170e+03 2.122614102045537743e-02 1.520622891467679483e-02
2.977153512820962078e+03 2.104054398235993481e-02 1.507326872746803624e-02
3.029822658184905777e+03 2.085657613199134661e-02 1.494147568261328281e-02
3.083423579106085981e+03 2.067422187726310895e-02 1.481083860874184838e-02
3.137972759726828826e+03 2.049346507697365552e-02 1.468134594102900141e-02
3.193486975812234505e+03 2.031429392547594651e-02 1.455298922202668752e-02
3.249983299909255038e+03 2.013669424509745287e-02 1.442575829441791746e-02
3.307479106597146256e+03 1.996065071600104657e-02 1.429964218247182887e-02
3.365992077830701874e+03 1.978615084198821414e-02 1.417463193383892810e-02
3.425540208378120496e+03 1.961318115350293295e-02 1.405071789876424608e-02
3.486141811354967558e+03 1.944172695969520470e-02 1.392788955243572969e-02
3.547815523856147593e+03 1.927177575807875048e-02 1.380613793805027245e-02
3.610580312687402511e+03 1.910331440930712610e-02 1.368545364253398802e-02
3.674455480198317673e+03 1.893632888217337829e-02 1.356582661383365536e-02
3.739460670218407813e+03 1.877080694803991839e-02 1.344724809138431003e-02
3.805615874098333279e+03 1.860673555600475190e-02 1.332970872552601167e-02
3.872941436857874578e+03 1.844410141178043708e-02 1.321319899223630072e-02
3.941458063442792991e+03 1.828289250651263936e-02 1.309771028843299996e-02
4.011186825092257095e+03 1.812309584007542468e-02 1.298323330086770776e-02
4.082149165819041627e+03 1.796469963385689469e-02 1.286975959141266508e-02
4.154366909004243098e+03 1.780769201765061358e-02 1.275728065632691227e-02
4.227862264108790441e+03 1.765205951051529790e-02 1.264578683791937365e-02
4.302657833503559232e+03 1.749778880089756031e-02 1.253526859985317973e-02
4.378776619420449606e+03 1.734486992049420750e-02 1.242571880094014460e-02
4.456242031026304176e+03 1.719329052491347029e-02 1.231712859774195847e-02
4.535077891622110656e+03 1.704303768561435048e-02 1.220948872833700280e-02
4.615308445969415516e+03 1.689410101219688751e-02 1.210279174914312417e-02
4.696958367746508884e+03 1.674646878693124979e-02 1.199702926568383191e-02
4.780052767136356124e+03 1.660012856427747763e-02 1.189219236208163832e-02
4.864617198548931810e+03 1.645506991850617315e-02 1.178827356940943469e-02
4.950677668480004286e+03 1.631128145923397069e-02 1.168526472765337408e-02
5.038260643509116562e+03 1.616875133414965443e-02 1.158315734587194931e-02
5.127393058438899970e+03 1.602746923952649144e-02 1.148194404258468145e-02
5.218102324578534535e+03 1.588742391128926748e-02 1.138161674832886480e-02
5.310416338173614349e+03 1.574860420451888732e-02 1.128216747899811641e-02
5.404363488985231925e+03 1.561099984814276129e-02 1.118358887646432945e-02
5.499972669020854482e+03 1.547459974622202722e-02 1.108587299168023281e-02
5.597273281419539671e+03 1.533939407564315245e-02 1.098901278745909732e-02
5.696295249494509335e+03 1.520537253191237871e-02 1.089300088175109218e-02
5.797069025935512400e+03 1.507252346139066612e-02 1.079782892597534218e-02
5.899625602174183769e+03 1.494083596657209273e-02 1.070348911324316317e-02
6.003996517914880314e+03 1.481030144329657273e-02 1.060997527961752597e-02
6.110213870834338195e+03 1.468090921806602250e-02 1.051727977869539900e-02
6.218310326452719892e+03 1.455264842580149438e-02 1.042539482682712515e-02
6.328319128179493418e+03 1.442551030581312732e-02 1.033431414792707580e-02
6.440274107536835800e+03 1.429948470949892088e-02 1.024403047162192500e-02
6.554209694564101483e+03 1.417456112608099679e-02 1.015453626807856849e-02
6.670160928406145104e+03 1.405073076674464780e-02 1.006582524106436338e-02
6.788163468089186608e+03 1.392798378968033469e-02 9.977890339989838042e-03
6.908253603487086366e+03 1.380631020318296917e-02 9.890724406881590963e-03
7.030468266481851060e+03 1.368570125167444147e-02 9.804321169317157039e-03
7.154845042321355322e+03 1.356614723951053356e-02 9.718673681418642588e-03
7.281422181178226310e+03 1.344763882534517202e-02 9.633775251124363295e-03
7.410238609912978973e+03 1.333016717834138026e-02 9.549619552097035266e-03
7.541333944045496537e+03 1.321372285954945658e-02 9.466199822352560841e-03
7.674748499938053101e+03 1.309829761176856816e-02 9.383510146501761531e-03
7.810523307194122026e+03 1.298388251807405108e-02 9.301544136534880755e-03
7.948700121276270693e+03 1.287046751902376322e-02 9.220294585952243729e-03
8.089321436347544477e+03 1.275804370618624506e-02 9.139755112828544525e-03
8.232430498339766928e+03 1.264660356729577217e-02 9.059920335439853797e-03
8.378071318253290883e+03 1.253613792312492300e-02 8.980783677864928247e-03
8.526288685691777573e+03 1.242663765441966335e-02 8.902338607146936117e-03
8.677128182636693964e+03 1.231809530211154177e-02 8.824579779672032595e-03
8.830636197465202713e+03 1.221050211410086225e-02 8.747500925509677644e-03
8.986859939216345083e+03 1.210384922117037181e-02 8.671095690827277519e-03
9.145847452109321239e+03 1.199812915684708194e-02 8.595358726706454552e-03
9.307647630318882875e+03 1.189333344642664811e-02 8.520283961940346845e-03
9.472310233011858145e+03 1.178945366575528605e-02 8.445865361536096516e-03
9.639885899649956627e+03 1.168648233575554293e-02 8.372097567545587135e-03
9.810426165563019822e+03 1.158441114011921416e-02 8.298974622235616092e-03
9.983983477798066815e+03 1.148323221244328118e-02 8.226490890181285820e-03
1.016061121124844249e+04 1.138293796830419993e-02 8.154640937965418335e-03
1.034036368506853978e+04 1.128352038308219618e-02 8.083419016817959893e-03
1.052329617937881085e+04 1.118497247335689150e-02 8.012820123875330491e-03
1.070946495226633670e+04 1.108728655154920736e-02 7.942838751820597773e-03
1.089892725708598664e+04 1.099045396833856804e-02 7.873468704353308104e-03
1.109174136006806293e+04 1.089446736289211015e-02 7.804704708234776363e-03
1.128796655823701622e+04 1.079932020830423958e-02 7.736542087644762006e-03
1.148766319764743275e+04 1.070500462782969162e-02 7.668975199749271561e-03
1.169089269194234294e+04 1.061151295041471571e-02 7.601998549069973084e-03
1.189771754124033396e+04 1.051883879611826937e-02 7.535607565070811045e-03
1.210820135135631426e+04 1.042697464653685735e-02 7.469796861630814341e-03
1.232240885336260544e+04 1.033591300399126257e-02 7.404561067475703452e-03
1.254040592349579492e+04 1.024564750029039774e-02 7.339895620486995044e-03
1.276225960341625796e+04 1.015617086222086671e-02 7.275795310195838465e-03
1.298803812082559489e+04 1.006747596851206156e-02 7.212255034983909747e-03
1.321781091044912682e+04 9.979556420112204243e-03 7.149270210624393898e-03
1.345164863538925601e+04 9.892405102431566649e-03 7.086835740285096774e-03
1.368962320885715053e+04 9.806015357430112808e-03 7.024946854202182740e-03
1.393180781628833392e+04 9.720380686419944141e-03 6.963598896770350349e-03
1.417827693784985786e+04 9.635494261595864418e-03 6.902786976607430507e-03
1.442910637134530771e+04 9.551350152469856303e-03 6.842506845161737405e-03
1.468437325552559014e+04 9.467941758706750754e-03 6.782753774008711163e-03
1.494415609381156355e+04 9.385261668513628780e-03 6.723522453402299218e-03
1.520853477843666769e+04 9.303303714870370111e-03 6.664808465341206037e-03
1.547759061501631368e+04 9.222062275822718452e-03 6.606607782304725791e-03
1.575140634755255087e+04 9.141530607347911688e-03 6.548915572931720934e-03
1.603006618388047355e+04 9.061702218222158697e-03 6.491727186964114417e-03
1.631365582156517848e+04 8.982571654110635406e-03 6.435038716962352030e-03
1.660226247425646579e+04 8.904132479196864847e-03 6.378845552361688681e-03
1.689597489851046703e+04 8.826378326493262289e-03 6.323143131905815083e-03
1.719488342108509823e+04 8.749303762528481271e-03 6.267927563101599597e-03
1.749907996671881119e+04 8.672902565632988059e-03 6.213194388797359767e-03
1.780865808640034811e+04 8.597168685000679961e-03 6.158939274246538233e-03
1.812371298613933686e+04 8.522096654490761772e-03 6.105158303551891374e-03
1.844434155624517734e+04 8.447680397955131468e-03 6.051847123812062121e-03
1.877064240112430343e+04 8.373914251358870880e-03 5.999001677360117114e-03
1.910271586960415152e+04 8.300792663183639494e-03 5.946617987135052047e-03
1.944066408579437484e+04 8.228309812762025707e-03 5.894691883259729759e-03
1.978459098049323075e+04 8.156460650809748900e-03 5.843219748469397762e-03
2.013460232315007670e+04 8.085239537000323690e-03 5.792197542081643259e-03
2.049080575439281165e+04 8.014640136774078133e-03 5.741620726071241555e-03
2.085331081913159505e+04 7.944657204788320784e-03 5.691485542718843424e-03
2.122222900024736737e+04 7.875285945870901666e-03 5.641788556803487009e-03
2.159767375287689356e+04 7.806520603041748434e-03 5.592525644073110917e-03
2.197976053930378839e+04 7.738355633936409156e-03 5.543692834024479925e-03
2.236860686446770342e+04 7.670786394408448360e-03 5.495286799630182649e-03
2.276433231210081067e+04 7.603807394884950881e-03 5.447303608206389459e-03
2.316705858150415588e+04 7.537413193082453423e-03 5.399739360947049781e-03
2.357690952497400212e+04 7.471599161820892399e-03 5.352590742979309105e-03
2.399401118589130419e+04 7.406359997692048280e-03 5.305853954986165799e-03
2.441849183748402720e+04 7.341690523994275595e-03 5.259525288422142210e-03
2.485048202227580623e+04 7.277586088161573478e-03 5.213601410228119702e-03
2.529011459223190832e+04 7.214041508616852658e-03 5.168078608365885875e-03
2.573752474961641201e+04 7.151051940381078845e-03 5.122953411933252668e-03
2.619285008857120192e+04 7.088612658720928709e-03 5.078222436171039682e-03
2.665623063743113744e+04 7.026718689386243777e-03 5.033882117568301388e-03
2.712780890178720438e+04 6.965365723944068159e-03 4.989929369599942384e-03
2.760772990831255447e+04 6.904548968966663786e-03 4.946360758294679992e-03
2.809614124936282315e+04 6.844263026944648505e-03 4.903172416922231026e-03
2.859319312836612517e+04 6.784503358025498025e-03 4.860361093170463206e-03
2.909903840601533375e+04 6.725265919832272218e-03 4.817923891114565815e-03
2.961383264727875576e+04 6.666545815732628430e-03 4.775857302848348501e-03
3.013773416924129924e+04 6.608338265333129659e-03 4.734157903738194645e-03
3.067090408979268614e+04 6.550639332652849305e-03 4.692822874080502561e-03
3.121350637717631616e+04 6.493444355539709778e-03 4.651848873948770217e-03
3.176570790041592409e+04 6.436748649799850161e-03 4.611232547625946157e-03
3.232767848063309430e+04 6.380548281124609478e-03 4.570971076606426993e-03
3.289959094327341154e+04 6.324838748762810596e-03 4.531061236589956250e-03
3.348162117125573423e+04 6.269615592675415773e-03 4.491499832442111262e-03
3.407394815906309668e+04 6.214874865409015722e-03 4.452284036240500981e-03
3.467675406778921024e+04 6.160612159531828058e-03 4.413410690538099347e-03
3.529022428115955699e+04 6.106823303345875267e-03 4.374876806765591597e-03
3.591454746254276688e+04 6.053504293793662491e-03 4.336679517166285892e-03
3.654991561297198496e+04 6.000650871854162384e-03 4.298815770613371827e-03
3.719652413019132655e+04 5.948259347363583222e-03 4.261282923504573945e-03
3.785457186874768377e+04 5.896325674248811301e-03 4.224078077267173596e-03
3.852426120114483638e+04 5.844845277507457540e-03 4.187197954407970331e-03
3.920579808008093823e+04 5.793814142800557399e-03 4.150639679088324874e-03
3.989939210178545181e+04 5.743228912264659175e-03 4.114400845763125161e-03
4.060525657047762797e+04 5.693085437954723341e-03 4.078478482879465544e-03
4.132360856396427698e+04 5.643379562644298790e-03 4.042869612235308607e-03
4.205466900039969914e+04 5.594107952092454428e-03 4.007571845208521798e-03
4.279866270622504089e+04 5.545266671923597575e-03 3.972582363245552237e-03
4.355581848531054129e+04 5.496851671019267575e-03 3.937898264159232255e-03
4.432636918931997934e+04 5.448859595431379890e-03 3.903517145209391831e-03
4.511055178932168201e+04 5.401286649372250351e-03 3.869436287125686044e-03
4.590860744866462483e+04 5.354128971792090040e-03 3.835652923884550619e-03
4.672078159714493086e+04 5.307383211331923034e-03 3.802164654600623511e-03
4.754732400648325711e+04 5.261045639463185312e-03 3.768968808187430752e-03
4.838848886713940010e+04 5.215112633958850739e-03 3.736062789712023269e-03
4.924453486648414400e+04 5.169580821067529079e-03 3.703444182247305101e-03
5.011572526835397002e+04 5.124446554729333164e-03 3.671110373786666114e-03
5.100232799401500961e+04 5.079706649056141970e-03 3.639059081986674004e-03
5.190461570455734909e+04 5.035357718408935493e-03 3.607287881404038117e-03
5.282286588474817836e+04 4.991395917047318324e-03 3.575794016982711005e-03
5.375736092836711759e+04 4.947817619163484559e-03 3.544574891224503473e-03
5.470838822505339340e+04 4.904620069636269133e-03 3.513628530383806296e-03
5.567624024868724518e+04 4.861799775991168006e-03 3.482952432481282654e-03
5.666121464733626635e+04 4.819353113572250741e-03 3.452544000843939167e-03
5.766361433479156403e+04 4.777277229444665436e-03 3.422401191653262967e-03
5.868374758372563520e+04 4.735568836221593601e-03 3.392521649853010718e-03
5.972192812049599888e+04 4.694224431286895399e-03 3.362902866198465898e-03
6.077847522162739187e+04 4.653241122511550185e-03 3.333542768792743544e-03
6.185371381199942698e+04 4.612615737955387367e-03 3.304439085284607228e-03
6.294797456477367814e+04 4.572344935481881950e-03 3.275589421395586152e-03
6.406159400308621844e+04 4.532425845307999461e-03 3.246991721237268980e-03
6.519491460354065930e+04 4.492855340677282851e-03 3.218643744827654612e-03
6.634828490153048187e+04 4.453630259267290885e-03 3.190543226705565890e-03
6.752205959842742595e+04 4.414747758371714501e-03 3.162688130380132343e-03
6.871659967066330137e+04 4.376204734451710245e-03 3.135076232502251922e-03
6.993227248074341333e+04 4.337998396184204394e-03 3.107705533391577103e-03
7.116945189022208797e+04 4.300125942313845137e-03 3.080574026252347504e-03
7.242851837467975565e+04 4.262584161254080219e-03 3.053679410330997594e-03
7.370985914073130698e+04 4.225369779885176924e-03 3.027019340792102154e-03
7.501386824510610313e+04 4.188480486216120818e-03 3.000592161344764214e-03
7.634094671583284799e+04 4.151913387025221898e-03 2.974395799309314387e-03
7.769150267557152256e+04 4.115665342941760181e-03 2.948428005667001056e-03
7.906595146712397400e+04 4.079733847756286495e-03 2.922686984990472293e-03
8.046471578116688761e+04 4.044116196134607197e-03 2.897170799201083911e-03
8.188822578624251764e+04 4.008809384338670595e-03 2.871877296446181515e-03
8.333691926105240418e+04 3.973810858679711899e-03 2.846804647284630931e-03
8.481124172908818582e+04 3.939118003069798889e-03 2.821950977573061282e-03
8.631164659564623435e+04 3.904727945806099436e-03 2.797314230047737334e-03
8.783859528726407734e+04 3.870638180972354320e-03 2.772892609491345306e-03
8.939255739362716849e+04 3.836846114198813260e-03 2.748684257319236601e-03
9.097401081198261818e+04 3.803349000856794376e-03 2.724687207302527517e-03
9.258344189410988474e+04 3.770144409001931728e-03 2.700899717216746591e-03
9.422134559588931734e+04 3.737229738060576529e-03 2.677319924032822533e-03
9.588822562952052976e+04 3.704602488649810701e-03 2.653946037213876421e-03
9.758459461842982273e+04 3.672260373985590434e-03 2.630776418527065903e-03
9.931097425492051116e+04 3.640200728019713210e-03 2.607809158037903072e-03
1.010678954606097250e+05 3.608420654542002400e-03 2.585042180925798284e-03
1.028558985497076792e+05 3.576918088495330099e-03 2.562474007801208813e-03
1.046755333951814391e+05 3.545690699967437524e-03 2.540102969534605622e-03
1.065273595978606900e+05 3.514735820254967415e-03 2.517927154289369140e-03
1.084119466585327755e+05 3.484051151091711353e-03 2.495944915606933961e-03
1.103298741530864500e+05 3.453634514116905863e-03 2.474154692927988102e-03
1.122817319107498915e+05 3.423483379513595198e-03 2.452554673912958876e-03
1.142681201954844873e+05 3.393595413330717427e-03 2.431143186538955482e-03
1.162896498905850749e+05 3.363968494755899177e-03 2.409918711473843424e-03
1.183469426865503629e+05 3.334600195519613584e-03 2.388879509125777564e-03
1.204406312722726434e+05 3.305488262173039878e-03 2.368023965142991485e-03
1.225713595296124113e+05 3.276630570644252765e-03 2.347350557858239855e-03
1.247397827314124152e+05 3.248024773235278287e-03 2.326857605400455779e-03
1.269465677430197829e+05 3.219668732293008533e-03 2.306543576372947074e-03
1.291923932273682440e+05 3.191560301373540676e-03 2.286406933081372526e-03
1.314779498536915344e+05 3.163697253631774474e-03 2.266446080232647434e-03
1.338039405099260912e+05 3.136077678896904107e-03 2.246659649396485180e-03
1.361710805188764934e+05 3.108699398176581474e-03 2.227046079561112359e-03
1.385800978582001408e+05 3.081559950873354655e-03 2.207603607975226409e-03
1.410317333842865482e+05 3.054657317692931542e-03 2.188330788033396833e-03
1.435267410600941803e+05 3.027989702867406666e-03 2.169226333262611744e-03
1.460658881870236073e+05 3.001554900092974574e-03 2.150288663085398420e-03
1.486499556408870558e+05 2.975350725467211781e-03 2.131516212972444767e-03
1.512797381120559876e+05 2.949375443531033255e-03 2.112907739655471660e-03
1.539560443498533859e+05 2.923626972000029859e-03 2.094461751403455235e-03
1.566796974112761091e+05 2.898103163890135368e-03 2.076176710135087776e-03
1.594515349141108163e+05 2.872802268358979391e-03 2.058051361561630439e-03
1.622724092945318844e+05 2.847722290249998962e-03 2.040084276369718945e-03
1.651431880692524137e+05 2.822861177001716095e-03 2.022273984121587386e-03
1.680647541023196536e+05 2.798217174989842907e-03 2.004619228535560720e-03
1.710380058766237344e+05 2.773788332101214706e-03 1.987118611134197892e-03
1.740638577702135954e+05 2.749572711073271485e-03 1.969770744078910927e-03
1.771432403374972637e+05 2.725568557791299088e-03 1.952574370736683863e-03
1.802771005954236898e+05 2.701773948901657531e-03 1.935528113233160423e-03
1.834664023147205880e+05 2.678187184318919778e-03 1.918630753641452575e-03
1.867121263162888063e+05 2.654806528959377174e-03 1.901881048962195857e-03
1.900152707728356763e+05 2.631629987804851717e-03 1.885277569981163703e-03
1.933768515158524388e+05 2.608655521355245088e-03 1.868818855617653723e-03
1.967979023480144388e+05 2.585881729436067047e-03 1.852503902798447247e-03
2.002794753611130582e+05 2.563306832917830198e-03 1.836331436970156531e-03
2.038226412596070440e+05 2.540928878594558675e-03 1.820300058872463935e-03
2.074284896899062442e+05 2.518746311399114486e-03 1.804408654468360983e-03
2.110981295754723251e+05 2.496757488771022843e-03 1.788656047041351730e-03
2.148326894578530046e+05 2.474960552270954236e-03 1.773040905221143953e-03
2.186333178437440656e+05 2.453353894835723879e-03 1.757562077721201710e-03
2.225011835582003987e+05 2.431935938026226224e-03 1.742218433761036876e-03
2.264374761040867015e+05 2.410704907074818094e-03 1.727008701912049462e-03
2.304434060278926627e+05 2.389659223182719408e-03 1.711931751136084407e-03
2.345202052920142014e+05 2.368797321379562462e-03 1.696986460301543997e-03
2.386691276536303922e+05 2.348117497372805961e-03 1.682171608467599106e-03
2.428914490502733388e+05 2.327618232768469912e-03 1.667486107869583416e-03
2.471884679922253999e+05 2.307297955473134026e-03 1.652928832273005844e-03
2.515615059618519444e+05 2.287155071476549423e-03 1.638498639742341084e-03
2.560119078200090444e+05 2.267188209162460631e-03 1.624194547663252016e-03
2.605410422196309664e+05 2.247395769740491087e-03 1.610015410675769663e-03
2.651503020266403328e+05 2.227775950468806072e-03 1.595959937310821282e-03
2.698411047482984723e+05 2.208327338916197136e-03 1.582027115714577416e-03
2.746148929691445665e+05 2.189048624155107668e-03 1.568216006749572570e-03
2.794731347946360474e+05 2.169938200563461834e-03 1.554525460161668062e-03
2.844173243026442942e+05 2.150994490817447705e-03 1.540954345969363596e-03
2.894489820029305411e+05 2.132216251902968682e-03 1.527501773687822912e-03
2.945696553047626512e+05 2.113601975177610646e-03 1.514166662538320813e-03
2.997809189927921398e+05 2.095150099707301060e-03 1.500947894280828514e-03
3.050843757113578031e+05 2.076859367919595308e-03 1.487844568001031945e-03
3.104816564573493088e+05 2.058728342097364879e-03 1.474855653730483768e-03
3.159744210818026913e+05 2.040755527514469172e-03 1.461980080659959925e-03
3.215643588003573823e+05 2.022939661162266069e-03 1.449216943980700598e-03
3.272531887127509108e+05 2.005279340694486080e-03 1.436565239063643772e-03
3.330426603314966196e+05 1.987773150094911730e-03 1.424023951486691258e-03
3.389345541199272266e+05 1.970419831172604431e-03 1.411592179892445700e-03
3.449306820397438132e+05 1.953217997233303027e-03 1.399268930864813352e-03
3.510328881082598236e+05 1.936166398886270384e-03 1.387053309350785727e-03
3.572430489654943231e+05 1.919263812696364894e-03 1.374944438891727771e-03
3.635630744513126556e+05 1.902508814412134973e-03 1.362941299165887918e-03
3.699949081927627558e+05 1.885899878256022720e-03 1.351042797119068450e-03
3.765405282018106664e+05 1.869435982653750274e-03 1.339248200904055892e-03
3.832019474836419686e+05 1.853115890338051779e-03 1.327556624152997650e-03
3.899812146557396045e+05 1.836938188680584593e-03 1.315967054870838477e-03
3.968804145778988604e+05 1.820901688100254280e-03 1.304478640851698939e-03
4.039016689933971502e+05 1.805005262194628573e-03 1.293090575150356806e-03
4.110471371814972954e+05 1.789247585384161170e-03 1.281801908132784414e-03
4.183190166215103236e+05 1.773627415436900868e-03 1.270611749874469643e-03
4.257195436685901368e+05 1.758143670962368336e-03 1.259519325676375584e-03
4.332509942414939869e+05 1.742795087176495297e-03 1.248523729457843168e-03
4.409156845224988647e+05 1.727580452778856553e-03 1.237624093453444955e-03
4.487159716697188560e+05 1.712498688011319806e-03 1.226819644133543682e-03
4.566542545420058887e+05 1.697548569314947728e-03 1.216109504950817861e-03
4.647329744366854429e+05 1.682728950176949796e-03 1.205492854553154650e-03
4.729546158403330483e+05 1.668038738327898111e-03 1.194968910447930834e-03
4.813217071928509977e+05 1.653476752554592722e-03 1.184536826423953715e-03
4.898368216650459217e+05 1.639041989475614443e-03 1.174195883667221267e-03
4.985025779499621131e+05 1.624733360371435767e-03 1.163945302228229202e-03
5.073216410682320711e+05 1.610549615249038530e-03 1.153784186622501236e-03
5.162967231876552105e+05 1.596489519867953137e-03 1.143711652650555508e-03
5.254305844572874485e+05 1.582552245489026767e-03 1.133727106610638675e-03
5.347260338562740944e+05 1.568736687918758244e-03 1.123829757467822207e-03
5.441859300577216782e+05 1.555041638066221883e-03 1.114018739039545096e-03
5.538131823078298476e+05 1.541466159070815564e-03 1.104293380166757998e-03
5.636107513205904979e+05 1.528009250822608437e-03 1.094652964379126030e-03
5.735816501883006422e+05 1.514669769289598992e-03 1.085096672101754263e-03
5.837289453082063701e+05 1.501446720682452982e-03 1.075623791392328133e-03
5.940557573255174793e+05 1.488339157168686901e-03 1.066233643231636339e-03
6.045652620931187412e+05 1.475345991525727493e-03 1.056925448742579996e-03
6.152606916482449742e+05 1.462466237102328379e-03 1.047698501096510975e-03
6.261453352064593928e+05 1.449698958373334600e-03 1.038552130091084267e-03
6.372225401731914608e+05 1.437043110417416791e-03 1.029485587153455535e-03
6.484957131731857080e+05 1.424497746448750947e-03 1.020498194014231004e-03
6.599683210981459124e+05 1.412061926371962475e-03 1.011589277196997365e-03
6.716438921729406575e+05 1.399734654027598273e-03 1.002758123061508978e-03
6.835260170406444231e+05 1.387515096852885059e-03 9.940041351668028186e-04
6.956183498667901149e+05 1.375402312774625171e-03 9.853266386195709808e-04
7.079246094631402520e+05 1.363395222954820506e-03 9.767248605493531258e-04
7.204485804313680856e+05 1.351492814105622470e-03 9.681980750452651163e-04
7.331941143269421300e+05 1.339694386786710514e-03 9.597457810341485096e-04
7.461651308436187683e+05 1.327998991410453671e-03 9.513672982394186760e-04
7.593656190188726177e+05 1.316405600681899062e-03 9.430618907156190214e-04
7.727996384606814245e+05 1.304913439988136846e-03 9.348290035365814862e-04
7.864713205959876068e+05 1.293521652867681308e-03 9.266680231405075886e-04
8.003848699412457645e+05 1.282229264989551533e-03 9.185782515248848770e-04
8.145445653954759473e+05 1.271035445152759492e-03 9.105590932243224885e-04
8.289547615561616840e+05 1.259939388090744504e-03 9.026099713526351169e-04
8.436198900584455114e+05 1.248940170087478639e-03 8.947302241674362890e-04
8.585444609379972098e+05 1.238036958529289662e-03 8.869192551913000679e-04
8.737330640180263435e+05 1.227228962465992451e-03 8.791764977941724868e-04
8.891903703207990620e+05 1.216515295745881822e-03 8.715013171444313794e-04
9.049211335041460115e+05 1.205895156270111665e-03 8.638931386252157079e-04
9.209301913233626401e+05 1.195367750735851654e-03 8.563513939210558095e-04
9.372224671190084191e+05 1.184932233289910696e-03 8.488754770698457791e-04
9.538029713309904328e+05 1.174587901222849326e-03 8.414648846564589746e-04
9.706768030394550879e+05 1.164333963126824422e-03 8.341190497229786921e-04
9.878491515329161193e+05 1.154169509085509670e-03 8.268373204130084883e-04
1.005325297904164530e+06 1.144093653466349064e-03 8.196190622668408270e-04
1.023110616674372228e+06 1.134105820122182457e-03 8.124638625374993543e-04
1.041210577445951756e+06 1.124205215415768422e-03 8.053711526699461679e-04
1.059630746584631503e+06 1.114390963198638946e-03 7.983403049987940463e-04
1.078376788931332063e+06 1.104662391242317585e-03 7.913708379452211389e-04
1.097454469544284279e+06 1.095018795617422108e-03 7.844622472201438637e-04
1.116869655471993377e+06 1.085459356225165241e-03 7.776139453116947230e-04
1.136628317557541654e+06 1.075983339593728112e-03 7.708254067668369493e-04
1.156736532274856698e+06 1.066590087464452420e-03 7.640961600146086840e-04
1.177200483597420854e+06 1.057278825574730144e-03 7.574256503797962897e-04
1.198026464900065446e+06 1.048048819506433192e-03 7.508133517314345825e-04
1.219220880894383648e+06 1.038899420805393381e-03 7.442587995224162921e-04
1.240790249598429771e+06 1.029829885203046181e-03 7.377614605650068946e-04
1.262741204341217410e+06 1.020839510315931821e-03 7.313208316776094150e-04
1.285080495802706806e+06 1.011927642816775859e-03 7.249364448220629994e-04
1.307814994089853717e+06 1.003093562055609560e-03 7.186077837307970704e-04
1.330951690849435981e+06 9.943366563948576996e-04 7.123344102318016676e-04
1.354497701418206794e+06 9.856562859735353357e-04 7.061158659340533014e-04
1.378460267011118587e+06 9.770517028255562651e-04 6.999516150009447903e-04
1.402846756948224967e+06 9.685221024558091172e-04 6.938410810989502006e-04
1.427664670921036275e+06 9.600669900456785567e-04 6.877839097441789404e-04
1.452921641298911767e+06 9.516857363630028743e-04 6.817796501600072992e-04
1.478625435476290528e+06 9.433776084588882177e-04 6.758277772680181157e-04
1.504783958261409774e+06 9.351419681979695076e-04 6.699278339134073605e-04
1.531405254307344323e+06 9.269782722729138103e-04 6.640794308753753461e-04
1.558497510585991666e+06 9.188858474638874046e-04 6.582820858649004190e-04
1.586069058905862970e+06 9.108640124897051781e-04 6.525353108178766305e-04
1.614128378474376630e+06 9.029122395104364042e-04 6.468387275942213662e-04
1.642684098505547969e+06 8.950298972574434594e-04 6.411918839583958954e-04
1.671745000873745885e+06 8.872163248703954751e-04 6.355943064756233761e-04
1.701320022814437281e+06 8.794709836145184288e-04 6.300456092008462116e-04
1.731418259672668995e+06 8.717932688317610443e-04 6.245453589621266293e-04
1.762048967700243229e+06 8.641825508068103328e-04 6.190931046367153384e-04
1.793221566902309423e+06 8.566382907209524724e-04 6.136884602194217454e-04
1.824945643934355583e+06 8.491598945575699929e-04 6.083310001617415379e-04
1.857230955050408375e+06 8.417467896009033120e-04 6.030203141749254517e-04
1.890087429103464354e+06 8.343984841318702024e-04 5.977560499955624461e-04
1.923525170598926023e+06 8.271143784654224089e-04 5.925377780143325059e-04
1.957554462802104419e+06 8.198937837208635209e-04 5.873650047229035578e-04
1.992185770900646923e+06 8.127361653638042393e-04 5.822373471853386270e-04
2.027429745222993661e+06 8.056410851109989304e-04 5.771544914192103075e-04
2.063297224513691152e+06 7.986079556924615894e-04 5.721160167092441320e-04
2.099799239266698714e+06 7.916361519383828494e-04 5.671214751890518106e-04
2.136947015117613599e+06 7.847252344005611413e-04 5.621705520416403392e-04
2.174751976295993663e+06 7.778746793493350464e-04 5.572628720714898828e-04
2.213225749138672836e+06 7.710838912438998513e-04 5.523980086381804003e-04
2.252380165665277280e+06 7.643523754905903788e-04 5.475756074189745085e-04
2.292227267216947395e+06 7.576796541496587378e-04 5.427953260218595704e-04
2.332779308159521781e+06 7.510651688651237947e-04 5.380567644453113866e-04
2.374048759652143810e+06 7.445084083936600976e-04 5.333595564389149784e-04
2.416048313482594211e+06 7.380089104477724699e-04 5.287033708238008615e-04
2.458790885970416944e+06 7.315661425362684957e-04 5.240878261277606134e-04
2.502289621939193923e+06 7.251796076524157477e-04 5.195125662993555762e-04
2.546557898758995347e+06 7.188488436075243446e-04 5.149772602304987295e-04
2.591609330460405909e+06 7.125733362564378240e-04 5.104815395919281261e-04
2.637457771921268199e+06 7.063526534505934831e-04 5.060250947960514417e-04
2.684117323127601296e+06 7.001863484382783330e-04 5.016076057937022539e-04
2.731602333509794902e+06 6.940738915420126536e-04 4.972286931283929554e-04
2.779927406355577055e+06 6.880146905333331267e-04 4.928879325326381445e-04
2.829107403300987557e+06 6.820083869445028131e-04 4.885850672031679829e-04
2.879157448900913820e+06 6.760545597753596803e-04 4.843197955390108971e-04
2.930092935280370526e+06 6.701526959880722183e-04 4.800917500041830348e-04
2.981929526868136134e+06 6.643022964154509649e-04 4.759005729995121172e-04
3.034683165214060340e+06 6.585030063353079907e-04 4.717460104050085531e-04
3.088370073891712818e+06 6.527543610706246441e-04 4.676277293299679742e-04
3.143006763487651478e+06 6.470558555923547816e-04 4.635453679758331212e-04
3.198610036679020617e+06 6.414071062186992890e-04 4.594986514761928409e-04
3.255196993400908541e+06 6.358076910781136322e-04 4.554872776058242040e-04
3.312785036105247214e+06 6.302571329785923914e-04 4.515109045083913822e-04
3.371391875112617388e+06 6.247550263736741365e-04 4.475692416538234542e-04
3.431035534058814868e+06 6.193009702352825609e-04 4.436620017489821934e-04
3.491734355437686667e+06 6.138945117816048619e-04 4.397888604247888024e-04
3.553507006242167670e+06 6.085352483888466007e-04 4.359495292449461364e-04
3.616372483704974409e+06 6.032227839435186541e-04 4.321437244370849857e-04
3.680350121140939184e+06 5.979566861675400698e-04 4.283711363208272753e-04
3.745459593892617617e+06 5.927366063215068481e-04 4.246315150621995092e-04
3.811720925381226931e+06 5.875621593934310946e-04 4.209245848418548329e-04
3.879154493264484219e+06 5.824328917291589618e-04 4.172500206657761969e-04
3.947781035703472327e+06 5.773483032059734468e-04 4.136074642502593013e-04
4.017621657740281429e+06 5.723081124042148386e-04 4.099967139886288360e-04
4.088697837788634934e+06 5.673119585076992401e-04 4.064175113952081444e-04
4.161031434239186347e+06 5.623594060366797704e-04 4.028695444959724879e-04
4.234644692181761377e+06 5.574500369421725443e-04 3.993525138041487035e-04
4.309560250246431679e+06 5.525835588822950893e-04 3.958662098884734438e-04
4.385801147565773688e+06 5.477595807037775833e-04 3.924103525300368382e-04
4.463390830860160291e+06 5.429776749765117920e-04 3.889846355215075858e-04
4.542353161648375914e+06 5.382375207134658390e-04 3.855888289104781480e-04
4.622712423585976474e+06 5.335387673800812049e-04 3.822226815769416285e-04
4.704493329933281057e+06 5.288810134484290366e-04 3.788859058696696157e-04
4.787721031155591831e+06 5.242639133237287849e-04 3.755782542074709925e-04
4.872421122657762840e+06 5.196871366759161495e-04 3.722994899446682585e-04
4.958619652655784041e+06 5.151503040538226190e-04 3.690493412456383919e-04
5.046343130187438801e+06 5.106530705049680931e-04 3.658275609893286593e-04
5.135618533264789730e+06 5.061951102658536050e-04 3.626339158015106441e-04
5.226473317170772702e+06 5.017760591084366797e-04 3.594681447522810112e-04
5.318935422902770340e+06 4.973956175627089558e-04 3.563300333038464142e-04
5.413033285765357316e+06 4.930534755537941760e-04 3.532193593211759432e-04
5.508795844115184620e+06 4.887492597046414920e-04 3.501358553200934051e-04
5.606252548260436393e+06 4.844825392263445662e-04 3.470792126870528402e-04
5.705433369517961517e+06 4.802530504336702992e-04 3.440492425201728609e-04
5.806368809430398047e+06 4.760605212780288182e-04 3.410457499261338311e-04
5.909089909146501683e+06 4.719045955395682760e-04 3.380684797120325920e-04
6.013628258967284113e+06 4.677848953585369922e-04 3.351171611823237917e-04
6.120016008061267436e+06 4.637011776896297313e-04 3.321916202213968830e-04
6.228285874351372942e+06 4.596531333164015094e-04 3.292916353091937098e-04
6.338471154576865025e+06 4.556404046620523424e-04 3.264169502807047116e-04
6.450605734533155337e+06 4.516626908750711006e-04 3.235673496084400446e-04
6.564724099493009970e+06 4.477197241721971575e-04 3.207426414547259784e-04
6.680861344811866060e+06 4.438111769479841616e-04 3.179425911257785205e-04
6.799053186720924452e+06 4.399367261767294095e-04 3.151669672087036153e-04
6.919335973311017267e+06 4.360961148098556534e-04 3.124155855560642719e-04
7.041746695711074397e+06 4.322890347738882850e-04 3.096882254666166430e-04
7.166322999464068562e+06 4.285151718709872496e-04 3.069846618516732396e-04
7.293103196104380302e+06 4.247742656596267797e-04 3.043047081331172270e-04
7.422126274939806201e+06 4.210660195038561549e-04 3.016481518034506244e-04
7.553431915042302571e+06 4.173901466189011700e-04 2.990147874124755075e-04
7.687060497450554743e+06 4.137464172504665919e-04 2.964044503661487830e-04
7.823053117588613182e+06 4.101345375911567446e-04 2.938169301833255679e-04
7.961451597904031165e+06 4.065541652313885189e-04 2.912519815646627953e-04
8.102298500729907304e+06 4.030049724656830593e-04 2.887093697447141246e-04
8.245637141374155879e+06 3.994867937975120462e-04 2.861889761631598991e-04
8.391511601440532133e+06 3.959993525069396142e-04 2.836906025801674207e-04
8.539966742385113612e+06 3.925423288316910535e-04 2.812140199207350459e-04
8.691048219312962145e+06 3.891154556511883743e-04 2.787590368219291376e-04
8.844802495018519461e+06 3.857185264663287659e-04 2.763255053495307844e-04
9.001276854274587706e+06 3.823512610005648147e-04 2.739132247157809543e-04
9.160519418373901397e+06 3.790133564144031295e-04 2.715219779690158193e-04
9.322579159928308800e+06 3.757045997202371548e-04 2.691516125267070614e-04
9.487505917929405347e+06 3.724247435070252043e-04 2.668019511456670516e-04
9.655350413075823337e+06 3.691735031089494502e-04 2.644727898937003323e-04
9.826164263371452689e+06 3.659506196354727378e-04 2.621639433038052834e-04
1.000000000000000000e+07 3.627558727131611560e-04 2.598752535023091657e-04
