6.797305233714759040e-05 6.000000000000000000e+01 6.000000000000000000e+01
6.944658912900770207e-05 5.940429502166227138e+01 5.940425398790544165e+01
7.095206961917645261e-05 5.881282958770415092e+01 5.881278650858361345e+01
7.249018629111733062e-05 5.822568048537394958e+01 5.822563526598246852e+01
7.406164664012373860e-05 5.764290818347969036e+01 5.764286071526731092e+01
7.566717349874803485e-05 5.706456335964813320e+01 5.706451353104422708e+01
7.730750536928762023e-05 5.649069348008366376e+01 5.649064117655688477e+01
7.898339676347638854e-05 5.592134538228096829e+01 5.592129048213080011e+01
8.069561854954253116e-05 5.535656699618055399e+01 5.535650937153310736e+01
8.244495830678742494e-05 5.479640126152300894e+01 5.479634077735284592e+01
8.423222068785374977e-05 5.424089898403849475e+01 5.424083549699626161e+01
8.605822778884428693e-05 5.369009020432874735e+01 5.369002357159091332e+01
8.792381952746701186e-05 5.314403756549545221e+01 5.314396763757758180e+01
8.982985402937485812e-05 5.260275482092303889e+01 5.260268144670766333e+01
9.177720802288354509e-05 5.206630261201710397e+01 5.206622563771766465e+01
9.376677724224330012e-05 5.153469043682986239e+01 5.153460969341431053e+01
9.579947683965547075e-05 5.100796741137032342e+01 5.100788272036314908e+01
9.787624180621929011e-05 5.048614700175927794e+01 5.048605816533900992e+01
9.999802740200372151e-05 4.996925699774353546e+01 4.996916379869833946e+01
1.021658095954447291e-04 4.945732662745725605e+01 4.945722884840591149e+01
1.043805855122648796e-04 4.895037393198098385e+01 4.895027134658484158e+01
1.066433738941273852e-04 4.844842052302383451e+01 4.844831293885281553e+01
1.089552155672314130e-04 4.795147889553130227e+01 4.795136616920303396e+01
1.113171739210661661e-04 4.745956836302575255e+01 4.745945036473614209e+01
1.137303353975435027e-04 4.697269687983305886e+01 4.697257353893100174e+01
1.161958099907344866e-04 4.649087926983262520e+01 4.649075037494327489e+01
1.187147317574383507e-04 4.601412170936620782e+01 4.601398686818199479e+01
1.212882593388207446e-04 4.554243421158781757e+01 4.554229269380419254e+01
1.239175764933596411e-04 4.507582082450722538e+01 4.507567141481561634e+01
1.266038926413446915e-04 4.461428671593195361e+01 4.461412827056717845e+01
1.293484434211804931e-04 4.415783403050518530e+01 4.415766564527298499e+01
1.321524912577492605e-04 4.370646524543352029e+01 4.370628719549702623e+01
1.350173259430949139e-04 4.326016970481087043e+01 4.325998411172309943e+01
1.379442652296951192e-04 4.281895249468787767e+01 4.281876330010992859e+01
1.409346554365946229e-04 4.238279799411432691e+01 4.238261286307736242e+01
1.439898720686784938e-04 4.195169680206836915e+01 4.195151942207361628e+01
1.471113204493698472e-04 4.152565690258443709e+01 4.152546996096631204e+01
1.503004363670437844e-04 4.110466172646300720e+01 4.110443552095058095e+01
1.535586867354539942e-04 4.068868641892468929e+01 4.068843437028092325e+01
1.568875702684765963e-04 4.027769831988579341e+01 4.027745492589195919e+01
1.602886181694816346e-04 3.987170836560962073e+01 3.987146446108246778e+01
1.637633948356468543e-04 3.947069889587892533e+01 3.947043744881572991e+01
1.673134985775436056e-04 3.907463757328392262e+01 3.907436226934672874e+01
1.709405623543179922e-04 3.868351845285076962e+01 3.868323068916008367e+01
1.746462545248121234e-04 3.829730150864435956e+01 3.829700096784981156e+01
1.784322796149675615e-04 3.791597212542676942e+01 3.791565991942218972e+01
1.823003791018644969e-04 3.753949421682525411e+01 3.753916970645511242e+01
1.862523322147578784e-04 3.716785445216119399e+01 3.716751683603288825e+01
1.902899567534785603e-04 3.680101274061988192e+01 3.680066100582460109e+01
1.944151099245756552e-04 3.643895150749485623e+01 3.643858420142495191e+01
1.986296891955854199e-04 3.608162917812894932e+01 3.608124650051544791e+01
2.029356331678188559e-04 3.572902005776405332e+01 3.572862273954920909e+01
2.073349224680699657e-04 3.538108206041660253e+01 3.538067076588125559e+01
2.118295806596547115e-04 3.503778674356146183e+01 3.503736122038066725e+01
2.164216751731993930e-04 3.469909503939960871e+01 3.469865248940764957e+01
2.211133182576082237e-04 3.436496870361725087e+01 3.436450710255037677e+01
2.259066679516427559e-04 3.403536566733847479e+01 3.403488603165492776e+01
2.308039290765691971e-04 3.371024161741949143e+01 3.370974467067836144e+01
2.358073542503175168e-04 3.338955795135193938e+01 3.338904292466795454e+01
2.409192449236330260e-04 3.307326684259467697e+01 3.307273346838569950e+01
2.461419524386835992e-04 3.276132749946551570e+01 3.276077500462022840e+01
2.514778791106198085e-04 3.245369283442644104e+01 3.245312002735209944e+01
2.569294793325794125e-04 3.215031807944773590e+01 3.214972486153006770e+01
2.624992607046472371e-04 3.185115553736456917e+01 3.185054196780246727e+01
2.681897851872885093e-04 3.155615746365657515e+01 3.155552389872443797e+01
2.740036702797867918e-04 3.126527918735394351e+01 3.126462546707065826e+01
2.799435902242283238e-04 3.097846919832737811e+01 3.097779462497760861e+01
2.860122772355867403e-04 3.069567358923389477e+01 3.069497694467930771e+01
2.922125227584735263e-04 3.041684861220420899e+01 3.041612854073382977e+01
2.985471787511333880e-04 3.014193050270382912e+01 3.014118444909484396e+01
3.050191589972732617e-04 2.987087622498519224e+01 2.987010404749927162e+01
3.116314404463304340e-04 2.960362210923928927e+01 2.960282530566524883e+01
3.183870645827960332e-04 2.934011776057048948e+01 2.933929906664494069e+01
3.252891388252189889e-04 2.908030687155956429e+01 2.907947168544340855e+01
3.323408379555454258e-04 2.882413783031561394e+01 2.882328642031133015e+01
3.395454055794342569e-04 2.857156335330586217e+01 2.857068270307280855e+01
3.469061556182397184e-04 2.832252596428001823e+01 2.832160813802950372e+01
3.544264738333287724e-04 2.807696034081390479e+01 2.807601782801611634e+01
3.621098193834485141e-04 2.783481428152948922e+01 2.783385269457345856e+01
3.699597264158527624e-04 2.759603692571548805e+01 2.759504931721379606e+01
3.779798056919214037e-04 2.736056964578362027e+01 2.735955562546182662e+01
3.861737462480206435e-04 2.712835458136076738e+01 2.712731356257551241e+01
3.945453170923676062e-04 2.689933676471756385e+01 2.689826852353620268e+01
4.030983689386802337e-04 2.667345756969538328e+01 2.667236405897144635e+01
4.118368359774093727e-04 2.645066329707157848e+01 2.644954367354405278e+01
4.207647376853683148e-04 2.623089735262472644e+01 2.622975098365068547e+01
4.298861806745912654e-04 2.601410354523379809e+01 2.601293029306732763e+01
4.392053605812747661e-04 2.580022650312293919e+01 2.579902629666396763e+01
4.487265639956608695e-04 2.558921069845364826e+01 2.558798366252662149e+01
4.584541704337681848e-04 2.538100266862435817e+01 2.537974864710509237e+01
4.683926543518527968e-04 2.517554297432740285e+01 2.517426293765045742e+01
4.785465872045534231e-04 2.497278294206313376e+01 2.497147654228092861e+01
4.889206395476415178e-04 2.477266114045955092e+01 2.477132812055197775e+01
4.995195831863625093e-04 2.457512851648347052e+01 2.457376855792543680e+01
5.103482933703468822e-04 2.438012733463428106e+01 2.437873957860571394e+01
5.214117510361030447e-04 2.418760558927928273e+01 2.418618983471923300e+01
5.327150450981242482e-04 2.399750958659442546e+01 2.399606693285362624e+01
5.442633747896622127e-04 2.380978752521163244e+01 2.380831931785751010e+01
5.560620520542443410e-04 2.362438794621486338e+01 2.362289586187858603e+01
5.681165039890356382e-04 2.344126179095621509e+01 2.343974545430950229e+01
5.804322753411679178e-04 2.326036018673591599e+01 2.325881467552521542e+01
5.930150310581847918e-04 2.308163465109457491e+01 2.308006235095745851e+01
6.058705588937766343e-04 2.290503277173968755e+01 2.290343453174978450e+01
6.190047720700021534e-04 2.273050664589151992e+01 2.272888345455342929e+01
6.324237119972258387e-04 2.255801101914091333e+01 2.255636290812934774e+01
6.461335510530095538e-04 2.238749270422972515e+01 2.238582009901123371e+01
6.601405954212612648e-04 2.221891142141961950e+01 2.221721420529978275e+01
6.744512879929123522e-04 2.205221583139742947e+01 2.205049305099474921e+01
6.890722113294963204e-04 2.188736517416325711e+01 2.188561721098341550e+01
7.040100906909556441e-04 2.172431225288329770e+01 2.172253988522930968e+01
7.192717971290967308e-04 2.156301669036422908e+01 2.156122077467658826e+01
7.348643506481019206e-04 2.140343419341812492e+01 2.140161656959125125e+01
7.507949234335562329e-04 2.124552641629054150e+01 2.124368648858876085e+01
7.670708431514733491e-04 2.108925207647520139e+01 2.108738777492048300e+01
7.836995963188397992e-04 2.093457340886596896e+01 2.093268638508855872e+01
8.006888317472254848e-04 2.078144661494480516e+01 2.077953679075490356e+01
8.180463640610465079e-04 2.062983716415393332e+01 2.062790483424114996e+01
8.357801772920970705e-04 2.047970435275943402e+01 2.047775036966578455e+01
8.538984285520043920e-04 2.033100893095505768e+01 2.032903422785921066e+01
8.724094517843007136e-04 2.018371844020751738e+01 2.018172311327821689e+01
8.913217615978196806e-04 2.003779358713271108e+01 2.003577757222465294e+01
9.106440571832175295e-04 1.989320336377910792e+01 1.989116667475221334e+01
9.303852263143688739e-04 1.974991233027558479e+01 1.974785455853609051e+01
9.505543494365361777e-04 1.960788928617956373e+01 1.960581110928189474e+01
9.711607038431325318e-04 1.946710081878737597e+01 1.946500359743075848e+01
9.922137679430598732e-04 1.932751765331677163e+01 1.932540176510930152e+01
1.013723225620529866e-03 1.918910864638205993e+01 1.918697457716371346e+01
1.035698970689413224e-03 1.905184690525323532e+01 1.904969501777706853e+01
1.058151111444147760e-03 1.891569881034310896e+01 1.891352794228527046e+01
1.081089975309300040e-03 1.878064122972532601e+01 1.877845200356293276e+01
1.104526113589923914e-03 1.864664118497179501e+01 1.864443408364228105e+01
1.128470306324897213e-03 1.851367207071644572e+01 1.851144770432480158e+01
1.152933567245471164e-03 1.838170906664920423e+01 1.837946814121464456e+01
1.177927148841309991e-03 1.825072421692191327e+01 1.824846766515565477e+01
1.203462547536362365e-03 1.812069588635102591e+01 1.811842352368113751e+01
1.229551508976915253e-03 1.799159905855808717e+01 1.798931022336272889e+01
1.256206033434317327e-03 1.786341161408445188e+01 1.786110662454592202e+01
1.283438381324784276e-03 1.773611027299008924e+01 1.773378942675794434e+01
1.311261078848904383e-03 1.760967401894336604e+01 1.760733802291264993e+01
1.339686923753357533e-03 1.748408132328945186e+01 1.748173113775840193e+01
1.368728991217580066e-03 1.735931410313363088e+01 1.735694951876882897e+01
1.398400639868004882e-03 1.723534787072453511e+01 1.723296867852634762e+01
1.428715517922704180e-03 1.711216831614500933e+01 1.710977502295332187e+01
1.459687569469227727e-03 1.698975170027635428e+01 1.698734462239243115e+01
1.491331040878534969e-03 1.686808041256833235e+01 1.686565986495571678e+01
1.523660487357970201e-03 1.674713789761418070e+01 1.674470417891832241e+01
1.556690779646295120e-03 1.662690508599433414e+01 1.662445852912175326e+01
1.590437110853857011e-03 1.650736783099043592e+01 1.650490862306192597e+01
1.624915003451041532e-03 1.638850921389308368e+01 1.638603747081404194e+01
1.660140316408220424e-03 1.627031537257561311e+01 1.626783131538826410e+01
1.696129252490481644e-03 1.615277096456815187e+01 1.615027480512409497e+01
1.732898365710504925e-03 1.603586284485971092e+01 1.603335488759585559e+01
1.770464568942976087e-03 1.591957694673441637e+01 1.591705757421394374e+01
1.808845141704113401e-03 1.580390233661377408e+01 1.580137176790797326e+01
1.848057738099784806e-03 1.568882269958996467e+01 1.568628123932671947e+01
1.888120394945986798e-03 1.557432960185324156e+01 1.557177738674273826e+01
1.929051540065298675e-03 1.546040880787558791e+01 1.545784576276676425e+01
1.970870000763249273e-03 1.534704826355366869e+01 1.534447423793444010e+01
2.013595012488389197e-03 1.523423923713349204e+01 1.523165428828570533e+01
2.057246227680122573e-03 1.512196905808903580e+01 1.511937332703607240e+01
2.101843724808341758e-03 1.501022999961774573e+01 1.500762411614254610e+01
2.147408017609018799e-03 1.489901140019273740e+01 1.489639655676728225e+01
2.193960064520014339e-03 1.478830647177422541e+01 1.478568262167702407e+01
2.241521278321434267e-03 1.467810658095788767e+01 1.467547300841900615e+01
2.290113535984975891e-03 1.456840449292991835e+01 1.456576141534960378e+01
2.339759188736787333e-03 1.445919203612540471e+01 1.445653949594057330e+01
2.390481072338482716e-03 1.435046461258141015e+01 1.434780246765479816e+01
2.442302517590999936e-03 1.424221257010543518e+01 1.423954163143718610e+01
2.495247361066220242e-03 1.413443092674609147e+01 1.413175169456778946e+01
2.549339956071160467e-03 1.402711420907942497e+01 1.402442668877660559e+01
2.604605183849923854e-03 1.392025472693250343e+01 1.391755900140856816e+01
2.661068465028411552e-03 1.381385006265993276e+01 1.381114590524128438e+01
2.718755771307216663e-03 1.370789354023432338e+01 1.370518009918931668e+01
2.777693637407927137e-03 1.360238232988594476e+01 1.359965973296533370e+01
2.837909173278451054e-03 1.349731140429729948e+01 1.349458019115775720e+01
2.899430076562912843e-03 1.339267840156857581e+01 1.338993915992796779e+01
2.962284645341877951e-03 1.328847918269550021e+01 1.328573349589401964e+01
3.026501791148764574e-03 1.318471285679267524e+01 1.318196043815389906e+01
3.092111052268428119e-03 1.308137711216621923e+01 1.307861582155216773e+01
3.159142607324032844e-03 1.297847032042599302e+01 1.297570140914375436e+01
3.227627289158469578e-03 1.287598977261487398e+01 1.287321275054657121e+01
3.297596599016690711e-03 1.277393408755720827e+01 1.277114857092590405e+01
3.369082721035494572e-03 1.267230284091304071e+01 1.266950915963524338e+01
3.442118537047443062e-03 1.257109264854939568e+01 1.256829157417393183e+01
3.516737641705645900e-03 1.247030566091588177e+01 1.246749724417142424e+01
3.592974357936514710e-03 1.236993952905068284e+01 1.236712406024887301e+01
3.670863752727397244e-03 1.226999612847857435e+01 1.226717352315825416e+01
3.750441653256573592e-03 1.217047550448961957e+01 1.216764486457598160e+01
3.831744663372804813e-03 1.207137877041688867e+01 1.206853992837060296e+01
3.914810180432247606e-03 1.197270642125821283e+01 1.196985978289134955e+01
3.999676412500262866e-03 1.187446034039475506e+01 1.187160601922932557e+01
4.086382395926191520e-03 1.177664151936703973e+01 1.177377978076363974e+01
4.174968013299096455e-03 1.167925324098231776e+01 1.167638420401245369e+01
4.265474011792760346e-03 1.158229650112278541e+01 1.157941993965867944e+01
4.357942021908368414e-03 1.148577318915615564e+01 1.148288867555708137e+01
4.452414576623498106e-03 1.138968672290767081e+01 1.138679427176709069e+01
4.548935130956229846e-03 1.129403760947647051e+01 1.129113691010026876e+01
4.647548081953367313e-03 1.119883045653581632e+01 1.119592149614686605e+01
4.748298789111992518e-03 1.110406629435578907e+01 1.110114941422152945e+01
4.851233595243650311e-03 1.100974958063522813e+01 1.100682477865944975e+01
4.956399847790960919e-03 1.091588308107911587e+01 1.091295037990924399e+01
5.063845920606179808e-03 1.082247079811955359e+01 1.081953001576978401e+01
5.173621236202045545e-03 1.072951651888471147e+01 1.072656697533368231e+01
5.285776288484819209e-03 1.063702414605776703e+01 1.063406529434290171e+01
5.400362665980300986e-03 1.054499708140068925e+01 1.054202874950342306e+01
5.517433075563206273e-03 1.045344015741599542e+01 1.045046225262065320e+01
5.637041366701038211e-03 1.036235622586317895e+01 1.035936956333919490e+01
5.759242556223497303e-03 1.027174875205237470e+01 1.026875436411070019e+01
5.884092853628846050e-03 1.018162388355249703e+01 1.017862074936696359e+01
6.011649686938879029e-03 1.009198426294504358e+01 1.008897071262766687e+01
6.141971729114378657e-03 1.000283479041929269e+01 9.999810823024018802e+00
6.275118925043213572e-03 9.914178321324435217e+00 9.911143703268200156e+00
6.411152519113491599e-03 9.826020145231458613e+00 9.822974520047994318e+00
6.550135083384449851e-03 9.738363447152398322e+00 9.735307309488126393e+00
6.692130546368034276e-03 9.651213161697846488e+00 9.648146505547703811e+00
6.837204222434454040e-03 9.564573404427539671e+00 9.561495820853332717e+00
6.985422841855087189e-03 9.478448645262345096e+00 9.475359725603246019e+00
7.136854581496837428e-03 9.392842817508231690e+00 9.389741523700257275e+00
7.291569096181713984e-03 9.307760576342815284e+00 9.304646535095484339e+00
7.449637550726348478e-03 9.223204770587070556e+00 9.220077625602222327e+00
7.611132652676026560e-03 9.139179270649780307e+00 9.136038912758520425e+00
7.776128685748345468e-03 9.055687631298484419e+00 9.052534393785569122e+00
7.944701544001873256e-03 8.972732443902952326e+00 8.969566913650748319e+00
8.116928766745514987e-03 8.890318604946312320e+00 8.887139910197799253e+00
8.292889574204669392e-03 8.808448848235256534e+00 8.805255564546438762e+00
8.472664903960546584e-03 8.727126465046090686e+00 8.723918204756738959e+00
8.656337448179448474e-03 8.646354168928684913e+00 8.643130308903447911e+00
8.843991691649085926e-03 8.566135084572524150e+00 8.562895255092067615e+00
9.035713950639486305e-03 8.486471330200847873e+00 8.483215776617665682e+00
9.231592412606320908e-03 8.407365927071150935e+00 8.404094359187345376e+00
9.431717176754929322e-03 8.328821024989284894e+00 8.325533187698571425e+00
9.636180295483713285e-03 8.250839145206875003e+00 8.247534445401667469e+00
9.845075816725936887e-03 8.173421865055310320e+00 8.170098966306852617e+00
1.005849982720942275e-02 8.096570828393018004e+00 8.093229020769124205e+00
1.027655049665409000e-02 8.020287239395889500e+00 8.016926469786231024e+00
1.049932812292751066e-02 7.944572190659484612e+00 7.941193329506473830e+00
1.072693517817947806e-02 7.869427695016459445e+00 7.866029989548215084e+00
1.095947635597661549e-02 7.794854769359145230e+00 7.791437435003890855e+00
1.119705861945881169e-02 7.720854249052864660e+00 7.717416139340586234e+00
1.143979125053959725e-02 7.647426222540127938e+00 7.643966975748158532e+00
1.168778590017309493e-02 7.574570933086235414e+00 7.571090428890142832e+00
1.194115663971067470e-02 7.502288619210317755e+00 7.498786647125917249e+00
1.220002001337093002e-02 7.430579382479965744e+00 7.427055528018457586e+00
1.246449509184711056e-02 7.359443171724545429e+00 7.355896675570824605e+00
1.273470352707666703e-02 7.288879563894587577e+00 7.285309784415029632e+00
1.301076960819811008e-02 7.218887819543286177e+00 7.215294258167371133e+00
1.329282031872091457e-02 7.149466980489219026e+00 7.145849506257795802e+00
1.358098539493476052e-02 7.080616189024232732e+00 7.076974528291992250e+00
1.387539738558498000e-02 7.012334419575849687e+00 7.008668141903759974e+00
1.417619171284172953e-02 6.944620576267962697e+00 6.940928998202206657e+00
1.448350673459071827e-02 6.877473227760962260e+00 6.873755690918416761e+00
1.479748380807444953e-02 6.810890818274188518e+00 6.807146723954904388e+00
1.511826735491300644e-02 6.744871228787139295e+00 6.741100475397549197e+00
1.544600492753439060e-02 6.679412695405741118e+00 6.675615213218205390e+00
1.578084727704496398e-02 6.614512926718050245e+00 6.610688826534399709e+00
1.612294842257118790e-02 6.550170206091253888e+00 6.546318895275425653e+00
1.647246572210459697e-02 6.486382433003008430e+00 6.482503039645268750e+00
1.682955994488252033e-02 6.423147384879499100e+00 6.419238643046301540e+00
1.719439534533794348e-02 6.360462155160634623e+00 6.356523744583974178e+00
1.756713973865244721e-02 6.298323424467207943e+00 6.294356331825562201e+00
1.794796457794698569e-02 6.236728707289940665e+00 6.232733577450529694e+00
1.833704503314606202e-02 6.175676360127044795e+00 6.171651567865860777e+00
1.873456007155152592e-02 6.115163283277851747e+00 6.111107617000580916e+00
1.914069254016304705e-02 6.055185732118334663e+00 6.051099512101711042e+00
1.955562924978319211e-02 5.995740523876556871e+00 5.991624336652626504e+00
1.997956106094570666e-02 5.936825093298482514e+00 5.932678394948426970e+00
2.041268297170667489e-02 5.878436483617434760e+00 5.874258229857598934e+00
2.085519420733864329e-02 5.820571130269351912e+00 5.816360861102269020e+00
2.130729831196935542e-02 5.763225374446276916e+00 5.758983282327274189e+00
2.176920324220696021e-02 5.706395837918287306e+00 5.702122092413610233e+00
2.224112146279484670e-02 5.650079149853505456e+00 5.645773846137569052e+00
2.272327004434013600e-02 5.594271926999408784e+00 5.589934985317532856e+00
2.321587076316074250e-02 5.538970915051222299e+00 5.534601736761055157e+00
2.371915020329694659e-02 5.484172377730234693e+00 5.479770512088707690e+00
2.423333986073439653e-02 5.429872826136526776e+00 5.425437812597135867e+00
2.475867624988650068e-02 5.376068130410467383e+00 5.371600016596783433e+00
2.529540101238513319e-02 5.322754668790897981e+00 5.318253615649308763e+00
2.584376102822977250e-02 5.269928545185260660e+00 5.265394941696352582e+00
2.640400852934613948e-02 5.217586238490148354e+00 5.213020075401279207e+00
2.697640121560658522e-02 5.165724110696376492e+00 5.161125252741254776e+00
2.756120237336557102e-02 5.114338476154332014e+00 5.109706521616992347e+00
2.815868099656495052e-02 5.063425358674717103e+00 5.058760290869874332e+00
2.876911191046429075e-02 5.012980806655866317e+00 5.008282915658909928e+00
2.939277589805374541e-02 4.963000959132977563e+00 4.958270634705391977e+00
3.002995982920720133e-02 4.913482044563113327e+00 4.908719505626209845e+00
3.068095679263526873e-02 4.864420425488479083e+00 4.859625503718952189e+00
3.134606623069876447e-02 4.815812221609850674e+00 4.810984829797760653e+00
3.202559407714472561e-02 4.767653427891403339e+00 4.762793802794534237e+00
3.271985289782831929e-02 4.719940507076828773e+00 4.715048553351468108e+00
3.342916203448531576e-02 4.672669105547099910e+00 4.667745415622107430e+00
3.415384775162132874e-02 4.625835745466324589e+00 4.620880706717393593e+00
3.489424338658535241e-02 4.579436112883029431e+00 4.574450306145005918e+00
3.565068950289661948e-02 4.533466711819265527e+00 4.528450687832957122e+00
3.642353404689530755e-02 4.487923411277506602e+00 4.482877467904357260e+00
3.721313250778920251e-02 4.442802631210472697e+00 4.437727147257279903e+00
3.801984808116986442e-02 4.398100393189678492e+00 4.392995598974013483e+00
3.884405183607349960e-02 4.353813012586423170e+00 4.348679274335596645e+00
3.968612288566347041e-02 4.309936599837230986e+00 4.304774398323936602e+00
4.054644856161300492e-02 4.266467347337077776e+00 4.261277288266708041e+00
4.142542459226789681e-02 4.223401528304997044e+00 4.218184276649877162e+00
4.232345528467180984e-02 4.180735327149694314e+00 4.175491551954091385e+00
4.324095371053741227e-02 4.138465079446438821e+00 4.133195416403798284e+00
4.417834189624903624e-02 4.096587106587060489e+00 4.091292202334776640e+00
4.513605101698429239e-02 4.055097701926818843e+00 4.049778228355499721e+00
4.611452159504389470e-02 4.013993179177546722e+00 4.008649905562981175e+00
4.711420370248094180e-02 3.973269891198497383e+00 3.967903643918783807e+00
4.813555716812279589e-02 3.932924222515532531e+00 3.927535874316944842e+00
4.917905178908091313e-02 3.892952583836736036e+00 3.887543021220406736e+00
5.024516754684576342e-02 3.853351422114673852e+00 3.847921539980097450e+00
5.133439482806635701e-02 3.814117203387935362e+00 3.808667935081782918e+00
5.244723465011585928e-02 3.775246420915908008e+00 3.769778747188990309e+00
5.358419889154708571e-02 3.736735571168587011e+00 3.731250538073736855e+00
5.474581052754380617e-02 3.698581211549080816e+00 3.693079908801003786e+00
5.593260387047649385e-02 3.660779943994684871e+00 3.655263484390607331e+00
5.714512481567239621e-02 3.623328417455263573e+00 3.617797940322613481e+00
5.838393109251391322e-02 3.586223435969076334e+00 3.580680112386345204e+00
5.964959252098021858e-02 3.549461502689134296e+00 3.543906531844287500e+00
6.094269127375016859e-02 3.513039413510294029e+00 3.507474034408240460e+00
6.226382214398726300e-02 3.476953809126388517e+00 3.471379312730763278e+00
6.361359281892962902e-02 3.441201564033312454e+00 3.435619276331149496e+00
6.499262415941096938e-02 3.405779564369063817e+00 3.400190838657406012e+00
6.640155048544113536e-02 3.370684727290372606e+00 3.365090930929800273e+00
6.784101986797738681e-02 3.335914005689357253e+00 3.330316525967277119e+00
6.931169442702099504e-02 3.301464385305076910e+00 3.295864642381156617e+00
7.081425063617580173e-02 3.267332874469066173e+00 3.261732322998017519e+00
7.234937963380928816e-02 3.233516611569741794e+00 3.227916735631775502e+00
7.391778754095891524e-02 3.200012754127378400e+00 3.194415058774207949e+00
7.552019578613022865e-02 3.166818400718830695e+00 3.161224415494092277e+00
7.715734143713598447e-02 3.133930930985356245e+00 3.128342189312619759e+00
7.882997754012878444e-02 3.101347335892593815e+00 3.095765369557267555e+00
8.053887346598395669e-02 3.069065181478942694e+00 3.063491532033220111e+00
8.228481526419038905e-02 3.037081508995827850e+00 3.031517711216244582e+00
8.406860602441404429e-02 3.005393959488185551e+00 2.999841574153978119e+00
8.589106624589909478e-02 2.973999811456903064e+00 2.968460411355408723e+00
8.775303421487706812e-02 2.942896720610335581e+00 2.937371881969406129e+00
8.965536639015764253e-02 2.912082237332810131e+00 2.906573540849361592e+00
9.159893779707831141e-02 2.881553998927365523e+00 2.876063005878160439e+00
9.358464242999418869e-02 2.851309930517706981e+00 2.845838187759158533e+00
9.561339366349312641e-02 2.821347489615236626e+00 2.815896491509682686e+00
9.768612467252524301e-02 2.791664777226158911e+00 2.786236012940349394e+00
9.980378886164008312e-02 2.762259249106570280e+00 2.756854175119530570e+00
1.019673603035289866e-01 2.733129084343607129e+00 2.727749136467053859e+00
1.041778341870741587e-01 2.704271905279763022e+00 2.698918514358962017e+00
1.064362272751107480e-01 2.675685924156993245e+00 2.670360484165885229e+00
1.087435783721122790e-01 2.647369043525559906e+00 2.642072922680346547e+00
1.111009488020152508e-01 2.619319517576461642e+00 2.614054010828810171e+00
1.135094228964009522e-01 2.591535471810560765e+00 2.586301795290077088e+00
1.159701084932614479e-01 2.564015147311274667e+00 2.558814434204776500e+00
1.184841374465772229e-01 2.536757095347965230e+00 2.531590436711599779e+00
1.210526661469418508e-01 2.509759351556184903e+00 2.504627772421263998e+00
1.236768760534727590e-01 2.483020241018603969e+00 2.477924712397061136e+00
1.263579742372529791e-01 2.456538325625299279e+00 2.451479776936832611e+00
1.290971939365536947e-01 2.430311428793397788e+00 2.425290763280648854e+00
1.318957951240931070e-01 2.404338562431129755e+00 2.399356547605649315e+00
1.347550650865924904e-01 2.378617597130006978e+00 2.373674920932944410e+00
1.376763190168958373e-01 2.353147498108020041e+00 2.348244771857317836e+00
1.406609006189258881e-01 2.327926508786294590e+00 2.323064212981658549e+00
1.437101827257543096e-01 2.302953487023697843e+00 2.298132022426699894e+00
1.468255679310707384e-01 2.278226887752657248e+00 2.273446548426586666e+00
1.500084892343408194e-01 2.253745534170782605e+00 2.249006519295907225e+00
1.532604106999502502e-01 2.229507874436225112e+00 2.224810304049051002e+00
1.565828281306376746e-01 2.205512664646700038e+00 2.200856556632537764e+00
1.599772697555272849e-01 2.181758472341698507e+00 2.177143751418967099e+00
1.634452969330751348e-01 2.158244003020201252e+00 2.153670485656351108e+00
1.669885048692557050e-01 2.134967956538052825e+00 2.130435356963239713e+00
1.706085233513166821e-01 2.111928997990383916e+00 2.107436921305285260e+00
1.743070174974404030e-01 2.089125810465192856e+00 2.084673763233017674e+00
1.780856885226567710e-01 2.066557073974551351e+00 2.062144463252465254e+00
1.819462745213596133e-01 2.044221406887093195e+00 2.039847546321165606e+00
1.858905512667868021e-01 2.022117481093675728e+00 2.017781589638138140e+00
1.899203330278315949e-01 2.000244031109565501e+00 1.995945236782632026e+00
1.940374734035611726e-01 1.978599481448158226e+00 1.974336817553991930e+00
1.982438661758257337e-01 1.957182705194675298e+00 1.952955123539076965e+00
2.025414461803511645e-01 1.935991930350373424e+00 1.931798290349375558e+00
2.069321901967149935e-01 1.915025907611517475e+00 1.910864991053453643e+00
2.114181178576158004e-01 1.894282940994068465e+00 1.890153451211109115e+00
2.160012925778535819e-01 1.873761585318566736e+00 1.869662154017834199e+00
2.206838225034499501e-01 1.853460228104621965e+00 1.849389422093155932e+00
2.254678614813415138e-01 1.833377349391066335e+00 1.829333674219389305e+00
2.303556100500963599e-01 1.813511300057669473e+00 1.809493206498257400e+00
2.353493164521069381e-01 1.793860549728431009e+00 1.789866438112277969e+00
2.404512776677253105e-01 1.774423368236926812e+00 1.770451592941516772e+00
2.456638404718168300e-01 1.755198351164770409e+00 1.751247228189951821e+00
2.509894025132180517e-01 1.736183451748761097e+00 1.732251257079591600e+00
2.564304134175954264e-01 1.717377112109871762e+00 1.713462093123667929e+00
2.619893759142117307e-01 1.698777480755818692e+00 1.694877859110284213e+00
2.676688469871195686e-01 1.680382430969689311e+00 1.676496404832761300e+00
2.734714390513097171e-01 1.662190467371842839e+00 1.658316222952121111e+00
2.793998211543571863e-01 1.644199264219905698e+00 1.640334975006374263e+00
2.854567202041163876e-01 1.626407283683702021e+00 1.622551119067779712e+00
2.916449222230306781e-01 1.608812356109379893e+00 1.604962484109130116e+00
2.979672736296332669e-01 1.591412782970510031e+00 1.587567374835383349e+00
3.044266825478286753e-01 1.574206504369926707e+00 1.570363737463893905e+00
3.110261201445568280e-01 1.557191723756984336e+00 1.553349786030317148e+00
3.177686219964571124e-01 1.540366393469370099e+00 1.536523484779341198e+00
3.246572894861556868e-01 1.523728849601364788e+00 1.519883187447449435e+00
3.316952912288258504e-01 1.507276692292214504e+00 1.503426509175560311e+00
3.388858645296711214e-01 1.491008259119099844e+00 1.487151809618627363e+00
3.462323168730053191e-01 1.474921353342793395e+00 1.471056913531957333e+00
3.537380274436125460e-01 1.459013768451421944e+00 1.455139637251760432e+00
3.614064486810879551e-01 1.443283812237617036e+00 1.439398315063123102e+00
3.692411078678738412e-01 1.427729128142874115e+00 1.423830616221944290e+00
3.772456087517215839e-01 1.412348058387149274e+00 1.408434910665928630e+00
3.854236332033256218e-01 1.397138445200029722e+00 1.393209069064390793e+00
3.937789429098921823e-01 1.382098541359522814e+00 1.378151372254564411e+00
4.023153811054214213e-01 1.367226306919314016e+00 1.363259809174250492e+00
4.110368743384994472e-01 1.352519971542540667e+00 1.348532637714534577e+00
4.199474342784123015e-01 1.337977514297975290e+00 1.333967865111848061e+00
4.290511595604137307e-01 1.323597254665478395e+00 1.319563838526900179e+00
4.383522376709965696e-01 1.309377014602014722e+00 1.305318407407669135e+00
4.478549468740294914e-01 1.295315222418998324e+00 1.291230026312199630e+00
4.575636581786535761e-01 1.281409704139541361e+00 1.277296548158522782e+00
4.674828373498368106e-01 1.267658877689367136e+00 1.263516415583619601e+00
4.776170469625146686e-01 1.254060743792258403e+00 1.249887655193663516e+00
4.879709485002606262e-01 1.240613681880910146e+00 1.236408669478073596e+00
4.985493044994523948e-01 1.227315856267795269e+00 1.223077646761752346e+00
5.093569807399199734e-01 1.214165637543878074e+00 1.209892979111456990e+00
5.203989484830826573e-01 1.201161256843422676e+00 1.196852919365789969e+00
5.316802867586053472e-01 1.188301087630180053e+00 1.183955860955647532e+00
5.432061847006258715e-01 1.175583461897731885e+00 1.171200155306045376e+00
5.549819439346264094e-01 1.163006763390657561e+00 1.158584204729435019e+00
5.670129810160497996e-01 1.150569267275037166e+00 1.146106302610351069e+00
5.793048299217794517e-01 1.138269458600122075e+00 1.133764950452244458e+00
5.918631445956304971e-01 1.126105605014646072e+00 1.121558432960392926e+00
6.046937015490233547e-01 1.114076242560547270e+00 1.109485300933792606e+00
6.178024025180337553e-01 1.102179739531697011e+00 1.097543937916843459e+00
6.311952771780470206e-01 1.090414637211063464e+00 1.085732898694294235e+00
6.448784859172540518e-01 1.078779422971733792e+00 1.074050683959604680e+00
6.588583226702793283e-01 1.067272617512820876e+00 1.062495826907285279e+00
6.731412178132324398e-01 1.055892804360692772e+00 1.051066922763534084e+00
6.877337411215220797e-01 1.044638496294738150e+00 1.039762495882980309e+00
7.026426047917846418e-01 1.033508375671918555e+00 1.028581238778508267e+00
7.178746665293341822e-01 1.022500881030045106e+00 1.017521601079728999e+00
7.334369327025318519e-01 1.011614774385675153e+00 1.006582353635176341e+00
7.493365615655360745e-01 1.000848487266218445e+00 9.957619382144655695e-01
7.655808665509316047e-01 9.902008039703348308e-01 9.850591471488753248e-01
7.821773196337133971e-01 9.796702512967574439e-01 9.744725162047912503e-01
7.991335547682216767e-01 9.692556066220495703e-01 9.640008302101984450e-01
8.164573713995574300e-01 9.589555113057932623e-01 9.536427382866526914e-01
8.341567380511455410e-01 9.487687328727058000e-01 9.433970148450315785e-01
8.522397959900434028e-01 9.386939850820562592e-01 9.332623805103219539e-01
8.707148629717346155e-01 9.287300144254370116e-01 9.232375882526696609e-01
8.895904370660747684e-01 9.188756687356738340e-01 9.133214917236276431e-01
9.088752005662055211e-01 9.091296101176457034e-01 9.035127593731527851e-01
9.285780239821790349e-01 8.994907247747687684e-01 8.938102826426609360e-01
9.487079701211852401e-01 8.899576925233542157e-01 8.842127471571735731e-01
9.692742982562027043e-01 8.805294244343587762e-01 8.747190688041305284e-01
9.902864683850478578e-01 8.712046526195770246e-01 8.653279849313803007e-01
1.011754145581722941e+00 8.619823026028532453e-01 8.560384254456447906e-01
1.033687204442122143e+00 8.528611893944886280e-01 8.468492099244955273e-01
1.056095733626094324e+00 8.438402410994715330e-01 8.377592706661460831e-01
1.078990040497967540e+00 8.349183275547837901e-01 8.287674816736743111e-01
1.102380655867694514e+00 8.260943690491271418e-01 8.198727671136823991e-01
1.126278338834745707e+00 8.173673163867832825e-01 8.110740814786496777e-01
1.150694081737043684e+00 8.087360440059377931e-01 8.023703029504680728e-01
1.175639115207146812e+00 8.001995572125881750e-01 7.937604402484957911e-01
1.201124913338078137e+00 7.917567242390873838e-01 7.852433652366922479e-01
1.227163198961102708e+00 7.834065703064454489e-01 7.768181062769959899e-01
1.253765949037957350e+00 7.751480250258855342e-01 7.684835962989321478e-01
1.280945400169934745e+00 7.669801164811339556e-01 7.602388664140323771e-01
1.308714054226433721e+00 7.589018425543537782e-01 7.520829175540215683e-01
1.337084684095487974e+00 7.509122206828918733e-01 7.440147701440872341e-01
1.366070339558995705e+00 7.430102796076408778e-01 7.360334558673664596e-01
1.395684353295273628e+00 7.351950582769815057e-01 7.281380165237901769e-01
1.425940347011776632e+00 7.274656138931056004e-01 7.203275120789144337e-01
1.456852237710722253e+00 7.198210115136981502e-01 7.126010104294882019e-01
1.488434244090584224e+00 7.122603238503332213e-01 7.049575870661377586e-01
1.520700893086329719e+00 7.047826329122832689e-01 6.973963268224691037e-01
1.553667026551438735e+00 6.973870322368179719e-01 6.899163259462337550e-01
1.587347808084806688e+00 6.900726427886620939e-01 6.825167082029562904e-01
1.621758730005598448e+00 6.828385647754747767e-01 6.751965764255459801e-01
1.656915620479351814e+00 6.756839506574423559e-01 6.679550858971241567e-01
1.692834650798514806e+00 6.686078990545373246e-01 6.607913379983560986e-01
1.729532342820861768e+00 6.616095774585774025e-01 6.537045031014738772e-01
1.767025576569109635e+00 6.546881134229991517e-01 6.466937116832810473e-01
1.805331597995334159e+00 6.478426736444522493e-01 6.397581333575950158e-01
1.844468026913649972e+00 6.410724450227416327e-01 6.328969580119112592e-01
1.884452865104913721e+00 6.343765962395737645e-01 6.261093573718495842e-01
1.925304504597064925e+00 6.277543341412038513e-01 6.193945414167163488e-01
1.967041736125030749e+00 6.212049061104847336e-01 6.127517607097232588e-01
2.009683757773962576e+00 6.147274901711741180e-01 6.061801965908724110e-01
2.053250183809905316e+00 6.083213217011339546e-01 5.996790878345114040e-01
2.097761053701858724e+00 6.019856322435327423e-01 5.932476694932677930e-01
2.143236841339419829e+00 5.957195990289545495e-01 5.868851224431951286e-01
2.189698464450289705e+00 5.895225165657829169e-01 5.805907448856898467e-01
2.237167294221874769e+00 5.833935636024368820e-01 5.743637194485341491e-01
2.285665165131532284e+00 5.773320562326484939e-01 5.682033662118264328e-01
2.335214384989850789e+00 5.713372302624943888e-01 5.621089250910517032e-01
2.385837745201722981e+00 5.654083965663878608e-01 5.560797111904332013e-01
2.437558531249784721e+00 5.595448423246650593e-01 5.501150160955711188e-01
2.490400533405195294e+00 5.537458608242979974e-01 5.442141376725478930e-01
2.544388057670529779e+00 5.480108444384949040e-01 5.383764730823388245e-01
2.599545936959972714e+00 5.423390239524283896e-01 5.326012580477951230e-01
2.655899542521799273e+00 5.367297313490682065e-01 5.268878296917527404e-01
2.713474795608556533e+00 5.311823195201701431e-01 5.212355462223953184e-01
2.772298179400153106e+00 5.256960050278124408e-01 5.156436296983494261e-01
2.832396751185495720e+00 5.202702347518166626e-01 5.101115327616569939e-01
2.893798154808154166e+00 5.149042309003535323e-01 5.046384834718872225e-01
2.956530633381819317e+00 5.095974407822009278e-01 4.992239353622870413e-01
3.020623042281472603e+00 5.043491641874449094e-01 4.938671945103336736e-01
3.086104862416092054e+00 4.991588289192084305e-01 4.885676954101632052e-01
3.153006213789181889e+00 4.940257831630099350e-01 4.833247930505699119e-01
3.221357869353174141e+00 4.889494464838663457e-01 4.781379141634130026e-01
3.291191269164268185e+00 4.839292062321363108e-01 4.730064534627311801e-01
3.362538534844022653e+00 4.789645123207083577e-01 4.679298685315494977e-01
3.435432484354551175e+00 4.740546428315070560e-01 4.629074452162250664e-01
3.509906647093911758e+00 4.691991573749549338e-01 4.579387514763428868e-01
3.585995279318850759e+00 4.643972924228325083e-01 4.530230319867180611e-01
3.663733379901766618e+00 4.596485561227138250e-01 4.481598037705399884e-01
3.743156706429379366e+00 4.549523146494812154e-01 4.433484419216230932e-01
3.824301791650265958e+00 4.503079994310879020e-01 4.385883872009171958e-01
3.907205960279074741e+00 4.457150718350286200e-01 4.338791106389804364e-01
3.991907346164903281e+00 4.411729685777020515e-01 4.292200588807686401e-01
4.078444909831968168e+00 4.366811601546550792e-01 4.246107127292672034e-01
4.166858456400454713e+00 4.322391050903622856e-01 4.200505412925990556e-01
4.257188653895851438e+00 4.278462634776907803e-01 4.155390155706859545e-01
4.349477051955288331e+00 4.235021610339488873e-01 4.110756726556265561e-01
4.443766100939259722e+00 4.192062324063953738e-01 4.066599586826911694e-01
4.540099171457807614e+00 4.149579127261597833e-01 4.022913206060507174e-01
4.638520574319843881e+00 4.107567622464715074e-01 3.979693311324940530e-01
4.739075580915092623e+00 4.066021275111184607e-01 3.936933490703459770e-01
4.841810444037721872e+00 4.024936181830405801e-01 3.894629974098822167e-01
4.946772419161557188e+00 3.984306168290771555e-01 3.852776717638762838e-01
5.054009786176335339e+00 3.944127080155412912e-01 3.811369706363078036e-01
5.163571871595332929e+00 3.904393497294733617e-01 3.770403659273953711e-01
5.275509071244251835e+00 3.865101055292385346e-01 3.729874358146224589e-01
5.389872873442120849e+00 3.826244660407490672e-01 3.689776856098332947e-01
5.506715882684554586e+00 3.787819937795818825e-01 3.650106931874266825e-01
5.626091843840595352e+00 3.749821828517504452e-01 3.610859681090788365e-01
5.748055666873926661e+00 3.712246259740108467e-01 3.572031192513473452e-01
5.872663452100159276e+00 3.675087760807854154e-01 3.533616156044634971e-01
5.999972515991547795e+00 3.638342507527035918e-01 3.495610917639428994e-01
6.130041417541099769e+00 3.602005068112032471e-01 3.458010213419118739e-01
6.262929985198337768e+00 3.566071483245163987e-01 3.420810261884036918e-01
6.398699344388790955e+00 3.530536810707546325e-01 3.384006298363428922e-01
6.537411945630270615e+00 3.495397008556262453e-01 3.347594466006399982e-01
6.679131593258444965e+00 3.460647481195046060e-01 3.311570355635616858e-01
6.823923474775347664e+00 3.426284175125651199e-01 3.275930104824497091e-01
6.971854190833894904e+00 3.392302638177838170e-01 3.240669454097480084e-01
7.122991785872634374e+00 3.358698815296230489e-01 3.205784548762774522e-01
7.277405779414374720e+00 3.325468444814502211e-01 3.171271328918047749e-01
7.435167198043549419e+00 3.292607559056289768e-01 3.137126034294225319e-01
7.596348608076553433e+00 3.260111614541470471e-01 3.103344330338623780e-01
7.761024148940560252e+00 3.227976946826859872e-01 3.069922768548416503e-01
7.929269567275684771e+00 3.196198905370292165e-01 3.036856913991467510e-01
8.101162251776656831e+00 3.164773909199535273e-01 3.004143410048377150e-01
8.276781268789648038e+00 3.133697562314602947e-01 2.971778084078052773e-01
8.456207398680755105e+00 3.102966242595188162e-01 2.939757544735573935e-01
8.639523172993088806e+00 3.072575883121403395e-01 2.908077956278674603e-01
8.826812912409073064e+00 3.042522792071137294e-01 2.876735863925562464e-01
9.018162765535995717e+00 3.012803093391644982e-01 2.845727630904584249e-01
9.213660748532088718e+00 2.983413007017113316e-01 2.815049721873410515e-01
9.413396785591896077e+00 2.954349075929667001e-01 2.784698928543377083e-01
9.617462750309018205e+00 2.925607265718489503e-01 2.754671466349926656e-01
9.825952507935820535e+00 2.897184009426185258e-01 2.724964023548510639e-01
1.003896195855895712e+01 2.869075560311820650e-01 2.695573110013801399e-01
1.025658908121117641e+01 2.841278143123663891e-01 2.666495210541334204e-01
1.047893397893906275e+01 2.813788268896829092e-01 2.637727100379008705e-01
1.070609892484811354e+01 2.786602240671351982e-01 2.609265348350842117e-01
1.093818840914564561e+01 2.759716648713677611e-01 2.581106815630328510e-01
1.117530918720382616e+01 2.733128009699227201e-01 2.553248291438809381e-01
1.141757032866443033e+01 2.706832869893571192e-01 2.525686597412911683e-01
1.166508326760807179e+01 2.680827932086381482e-01 2.498418716379598725e-01
1.191796185381127060e+01 2.655109701294856572e-01 2.471441434207770349e-01
1.217632240511431796e+01 2.629675146612767689e-01 2.444752007249715864e-01
1.244028376092476940e+01 2.604520469994667242e-01 2.418346920988425630e-01
1.270996733688041935e+01 2.579642868504078979e-01 2.392223666192636877e-01
1.298549718069766001e+01 2.555038485497584944e-01 2.366378672664725125e-01
1.326700002923013066e+01 2.530704430097348578e-01 2.340809346889578257e-01
1.355460536676472039e+01 2.506637162631880078e-01 2.315512441047459513e-01
1.384844548458089264e+01 2.482833719232994119e-01 2.290485291824394809e-01
1.414865554180159712e+01 2.459290805601208885e-01 2.265724902386029305e-01
1.445537362756286015e+01 2.436005489127502921e-01 2.241228644177737928e-01
1.476874082453158366e+01 2.412974569157967653e-01 2.216993618512043129e-01
1.508890127379980939e+01 2.390195132314507365e-01 2.193017219174635546e-01
1.541600224118626272e+01 2.367664061075257509e-01 2.169296634736724017e-01
1.575019418497472046e+01 2.345378502304903412e-01 2.145829322084963631e-01
1.609163082512127119e+01 2.323335242990792748e-01 2.122612375212846181e-01
1.644046921396158467e+01 2.301531525171384707e-01 2.099643349118910374e-01
1.679686980845094624e+01 2.279964171949865337e-01 2.076919375182791627e-01
1.716099654397070395e+01 2.258630440755711177e-01 2.054438025178751126e-01
1.753301690973417237e+01 2.237527342536086428e-01 2.032196621357661714e-01
1.791310202582777578e+01 2.216652111937623404e-01 2.010192713531719355e-01
1.830142672192172881e+01 2.196001951930180163e-01 1.988423819538667481e-01
1.869816961768761487e+01 2.175574052461096419e-01 1.966887444399901541e-01
1.910351320495868421e+01 2.155365726544427318e-01 1.945581217816982622e-01
1.951764393167184508e+01 2.135374267449446639e-01 1.924502749565657755e-01
1.994075228762875795e+01 2.115597137099748670e-01 1.903649820331288489e-01
2.037303289211669721e+01 2.096031258308622414e-01 1.883019662180624998e-01
2.081468458342825656e+01 2.076674532894078884e-01 1.862610502266562329e-01
2.126591051032231761e+01 2.057523708156032138e-01 1.842419391997153766e-01
2.172691822546709162e+01 2.038576423905994472e-01 1.822444290821689794e-01
2.219791978090950124e+01 2.019829974292452202e-01 1.802682804831598762e-01
2.267913182561348151e+01 2.001281668209065612e-01 1.783132554275982939e-01
2.317077570511341378e+01 1.982929152626719260e-01 1.763791502750998996e-01
2.367307756332740709e+01 1.964769783342966425e-01 1.744657315626495508e-01
2.418626844657772779e+01 1.946801241134385740e-01 1.725727988490141362e-01
2.471058440986666582e+01 1.929021011471823144e-01 1.707001315944700892e-01
2.524626662545556499e+01 1.911426745963423213e-01 1.688475260746056805e-01
2.579356149379843899e+01 1.894016154644686256e-01 1.670147843393061382e-01
2.635272075687962356e+01 1.876786907607312649e-01 1.652017041390851371e-01
2.692400161400923508e+01 1.859736271278036313e-01 1.634080417418063980e-01
2.750766684012799601e+01 1.842862454664191407e-01 1.616336496507471687e-01
2.810398490667759930e+01 1.826162412184467176e-01 1.598782516886828042e-01
2.871323010509042106e+01 1.809634354178326909e-01 1.581417000979800924e-01
2.933568267295719778e+01 1.793275624821918379e-01 1.564237580793015892e-01
2.997162892292884351e+01 1.777084041100978062e-01 1.547242370720164628e-01
3.062136137441363104e+01 1.761057462001077434e-01 1.530429525083567555e-01
3.128517888812830350e+01 1.745193649497932264e-01 1.513797095956034844e-01
3.196338680356700124e+01 1.729490532829270066e-01 1.497343304160422273e-01
3.265629707944961524e+01 1.713945946363603645e-01 1.481066269754834352e-01
3.336422843721483389e+01 1.698557799009817737e-01 1.464964186553087966e-01
3.408750650762448231e+01 1.683324125805975291e-01 1.449035374822023881e-01
3.482646398054504289e+01 1.668242836885991121e-01 1.433278022766932558e-01
3.558144075797722650e+01 1.653311547963516315e-01 1.417690011767712699e-01
3.635278411040186342e+01 1.638528684103346122e-01 1.402270053764015367e-01
3.714084883651619862e+01 1.623891555948630272e-01 1.387015707602786418e-01
3.794599742643191576e+01 1.609398684973794291e-01 1.371925778076080460e-01
3.876860022841207609e+01 1.595047668629196169e-01 1.356998111267245788e-01
3.960903561922152250e+01 1.580836677057079198e-01 1.342231141416957152e-01
4.046769017817133829e+01 1.566763806290314975e-01 1.327623221190980807e-01
4.134495886493506589e+01 1.552827145085232674e-01 1.313172691875291453e-01
4.224124520122094850e+01 1.539024865636430817e-01 1.298877976810090262e-01
4.315696145638118253e+01 1.525355103043394001e-01 1.284737456181118953e-01
4.409252883704613168e+01 1.511816017855537875e-01 1.270749532436032114e-01
4.504837768086859739e+01 1.498405933450658312e-01 1.256912772179882010e-01
4.602494765446815705e+01 1.485122990395951748e-01 1.243225547329448039e-01
4.702268795566745752e+01 1.471965167465426882e-01 1.229686056840128827e-01
4.804205752011124986e+01 1.458931052813176865e-01 1.216293128148998037e-01
4.908352523236613507e+01 1.446018362206165087e-01 1.203044675526522556e-01
5.014757014159494730e+01 1.433225793483157706e-01 1.189939631265002212e-01
5.123468168190824201e+01 1.420551272084442651e-01 1.176976116053679161e-01
5.234535989749095108e+01 1.407993283449256172e-01 1.164152830361151886e-01
5.348011567261105625e+01 1.395550115348486997e-01 1.151468261318114028e-01
5.463947096661275538e+01 1.383220175839369182e-01 1.138921016851341256e-01
5.582395905400563407e+01 1.371001851543397765e-01 1.126509676155744571e-01
5.703412476975671552e+01 1.358893577261128249e-01 1.114232863020550163e-01
5.827052475990186053e+01 1.346893728034744275e-01 1.102089132548611655e-01
5.953372773758815129e+01 1.335000877342366887e-01 1.090077241637419092e-01
6.082431474466868337e+01 1.323213344697148353e-01 1.078195674127042925e-01
6.214287941896633782e+01 1.311529601699174818e-01 1.066443067066549510e-01
6.349002826733327254e+01 1.299948160939030928e-01 1.054818093385999356e-01
6.486638094462851711e+01 1.288467410060532281e-01 1.043319287828334968e-01
6.627257053874340897e+01 1.277085977139197914e-01 1.031945430852075352e-01
6.770924386180710997e+01 1.265802323516142802e-01 1.020695119719530058e-01
6.917706174770297878e+01 1.254615098898405889e-01 1.009567143086655544e-01
7.067669935603677800e+01 1.243522874210616636e-01 9.985601983337426268e-02
7.220884648269215234e+01 1.232524288619949171e-01 9.876730474351821942e-02
7.377420787712061667e+01 1.221617984709190002e-01 9.769044477072193200e-02
7.537350356650755145e+01 1.210802582218925283e-01 9.662531240781112307e-02
7.700746918696802368e+01 1.200076891024243891e-01 9.557179944351165690e-02
7.867685632191970058e+01 1.189439433454166778e-01 9.452976628055312358e-02
8.038243284779382236e+01 1.178889023943736208e-01 9.349910343065015450e-02
8.212498328723785335e+01 1.168424295238880417e-01 9.247968113071061702e-02
8.390530916997768429e+01 1.158044002107592729e-01 9.147138166434923279e-02
8.572422940149995441e+01 1.147746907592269994e-01 9.047408715987673156e-02
8.758258063972948548e+01 1.137531792215976251e-01 8.948768062245789079e-02
8.948121767986967257e+01 1.127397480832763588e-01 8.851204870786322232e-02
9.142101384758822746e+01 1.117342829506528940e-01 8.754708035436803426e-02
9.340286140072460341e+01 1.107366675290765573e-01 8.659266134187477981e-02
9.542767193970583151e+01 1.097467945500217035e-01 8.564868598562143387e-02
9.749637682686122275e+01 1.087645496100367176e-01 8.471503978256482437e-02
9.960992761482435753e+01 1.077898355011360082e-01 8.379162544407797730e-02
1.017692964842250518e+02 1.068225299926982008e-01 8.287831760727432107e-02
1.039754766908666141e+02 1.058625464608344974e-01 8.197502783611929078e-02
1.062294830226003626e+02 1.049097626691381097e-01 8.108162811515697010e-02
1.085323522661010571e+02 1.039640919144942527e-01 8.019802727662249386e-02
1.108851436837646247e+02 1.030254251059508075e-01 7.932410863352643005e-02
1.132889395009406428e+02 1.020936746018757668e-01 7.845977718814335644e-02
1.157448454037308210e+02 1.011687430094672380e-01 7.760492590549045167e-02
1.182539910475751839e+02 1.002505464060182566e-01 7.675946080846099417e-02
1.208175305768672274e+02 9.933899287446081028e-02 7.592327768772384744e-02
1.234366431558296995e+02 9.843400231727866823e-02 7.509628352810371332e-02
1.261125335109023666e+02 9.753548920484061968e-02 7.427837779260418327e-02
1.288464324848854119e+02 9.664338117430291974e-02 7.346947250101040772e-02
1.316395976030956376e+02 9.575758639364329028e-02 7.266945688840464879e-02
1.344933136517985304e+02 9.487804412776097707e-02 7.187825207535153416e-02
1.374088932691758203e+02 9.400466170941930433e-02 7.109574279107729045e-02
1.403876775491083890e+02 9.313738270300188360e-02 7.032185118116252021e-02
1.434310366580438654e+02 9.227612491268775974e-02 6.955646954473702903e-02
1.465403704652411534e+02 9.142083245000746927e-02 6.879951683280292885e-02
1.497171091866732127e+02 9.057143614697159284e-02 6.805089556954552199e-02
1.529627140428929124e+02 8.972788214251385674e-02 6.731052296550862901e-02
1.562786779311557268e+02 8.889010940441088859e-02 6.657830637774013460e-02
1.596665261121176798e+02 8.805806763761103717e-02 6.585416282370364083e-02
1.631278169114146124e+02 8.723170188632152489e-02 6.513800217038479001e-02
1.666641424364557622e+02 8.641096769403497357e-02 6.442974361617356815e-02
1.702771293087507161e+02 8.559581028437554528e-02 6.372929302442820187e-02
1.739684394121171067e+02 8.478619224616094907e-02 6.303657302460470568e-02
1.777397706571047706e+02 8.398206311131434232e-02 6.235148989297172040e-02
1.815928577619910129e+02 8.318339000094199243e-02 6.167396692894011601e-02
1.855294730507104362e+02 8.239013187861637943e-02 6.100391639053558135e-02
1.895514272680765941e+02 8.160225891492074723e-02 6.034126064188996552e-02
1.936605704126825742e+02 8.081973958166856209e-02 5.968591806940475031e-02
1.978587925878510987e+02 8.004254619788940539e-02 5.903780917912480192e-02
2.021480248710379897e+02 7.927065523731946506e-02 5.839685694263505034e-02
2.065302402020764418e+02 7.850404185600871887e-02 5.776298086957073336e-02
2.110074542906833983e+02 7.774269018676488452e-02 5.713610827741184145e-02
2.155817265436323567e+02 7.698657572755716882e-02 5.651615512133119357e-02
2.202551610120326018e+02 7.623568888341129834e-02 5.590305175387891984e-02
2.250299073591365868e+02 7.549000840279236624e-02 5.529671397281400030e-02
2.299081618491350696e+02 7.474952864077027970e-02 5.469707289113028004e-02
2.348921683573801715e+02 7.401423567552437022e-02 5.410404890556299445e-02
2.399842194025158335e+02 7.328412629259434263e-02 5.351757255883669850e-02
2.451866572009752474e+02 7.255919435736446488e-02 5.293756972423212248e-02
2.505018747443454856e+02 7.183943810277541864e-02 5.236396969819983455e-02
2.559323169000824407e+02 7.112485757539019349e-02 5.179670251350945720e-02
2.614804815360873818e+02 7.041545322777577331e-02 5.123569752815970019e-02
2.671489206696672341e+02 6.971123462930098325e-02 5.068089308937773901e-02
2.729402416413950050e+02 6.901219545398587507e-02 5.013220929164585726e-02
2.788571083144254885e+02 6.831834903727392050e-02 4.958958703347904340e-02
2.849022422998014008e+02 6.762969681848199355e-02 4.905295361833016121e-02
2.910784242083312279e+02 6.694623793426557334e-02 4.852223340887974051e-02
2.973884949295961064e+02 6.626799061129765023e-02 4.799737139799130359e-02
3.038353569386929394e+02 6.559494920470293478e-02 4.747828630875904066e-02
3.104219756312955383e+02 6.492713431911473210e-02 4.696492570585011211e-02
3.171513806876678814e+02 6.426454695071828760e-02 4.645721582122398080e-02
3.240266674662360060e+02 6.360720443442713368e-02 4.595510125796500867e-02
3.310509984273811597e+02 6.295511272260201352e-02 4.545851461104918195e-02
3.382276045880872744e+02 6.230828706795953770e-02 4.496739946278261596e-02
3.455597870081333554e+02 6.166673410946430650e-02 4.448169078008789440e-02
3.530509183084935785e+02 6.103047393580007113e-02 4.400133936202877544e-02
3.607044442226631418e+02 6.039950365981048425e-02 4.352627193671312900e-02
3.685238851816080796e+02 5.977383716307582695e-02 4.305643499044500139e-02
3.765128379330731150e+02 5.915348182114851805e-02 4.259176930552169282e-02
3.846749771960011799e+02 5.853843222417478426e-02 4.213220319190293106e-02
3.930140573508066382e+02 5.792870697004557506e-02 4.167769309112278470e-02
4.015339141663022815e+02 5.732429629834052964e-02 4.122816599955875932e-02
4.102384665640514072e+02 5.672521433309214711e-02 4.078357724753243346e-02
4.191317184209802917e+02 5.613145645257160143e-02 4.034386343053934093e-02
4.282177604110549964e+02 5.554302977483104031e-02 3.990897633842444697e-02
4.375007718868960751e+02 5.495993044882328815e-02 3.947885781725149479e-02
4.469850228021697944e+02 5.438216120285093574e-02 3.905345928254480570e-02
4.566748756756670673e+02 5.380971406328176332e-02 3.863272273971527643e-02
4.665747875979463402e+02 5.324259498260112966e-02 3.821660781521182826e-02
4.766893122814910271e+02 5.268078681827991633e-02 3.780505130148870130e-02
4.870231021552966126e+02 5.212428084902129971e-02 3.739800160513894606e-02
4.975809105048780907e+02 5.157307251107121765e-02 3.699541410034251632e-02
5.083675936586602120e+02 5.102713503511251136e-02 3.659722237770476894e-02
5.193881132217642289e+02 5.048646793059496235e-02 3.620339106065177670e-02
5.306475383582295535e+02 4.995104257846847556e-02 3.581385662440563639e-02
5.421510481226943057e+02 4.942085106259695715e-02 3.542858031936833851e-02
5.539039338426400718e+02 4.889586940352227962e-02 3.504750851802078404e-02
5.659116015522615726e+02 4.837608125303645423e-02 3.467059796729705934e-02
5.781795744791164680e+02 4.786146359692376034e-02 3.429780072160248244e-02
5.907134955846630646e+02 4.735199534438223196e-02 3.392907291595444880e-02
6.035191301598913469e+02 4.684764930121818743e-02 3.356436647211736429e-02
6.166023684772031856e+02 4.634840691237734206e-02 3.320364422490450218e-02
6.299692284998004652e+02 4.585423442562206603e-02 3.284685530032466910e-02
6.436258586497882561e+02 4.536509937538180798e-02 3.249395200593957478e-02
6.575785406363054335e+02 4.488097918271913289e-02 3.214489861920182684e-02
6.718336923449442111e+02 4.440182792686326457e-02 3.179963737615680575e-02
6.863978707898259017e+02 4.392762502586351758e-02 3.145813773814286340e-02
7.012777751296607676e+02 4.345832518773248832e-02 3.112034617869750483e-02
7.164802497491891700e+02 4.299390101567950040e-02 3.078622811853141267e-02
7.320122874074373840e+02 4.253431291378516332e-02 3.045573886960549481e-02
7.478810324542013177e+02 4.207952741179079442e-02 3.012884062855487530e-02
7.640937841162806308e+02 4.162950647302321450e-02 2.980549271850111911e-02
7.806579998549291304e+02 4.118421397817283169e-02 2.948565724304315003e-02
7.975812987961128329e+02 4.074360929381285606e-02 2.916929316412730441e-02
8.148714652351055747e+02 4.030765819626377922e-02 2.885636635433080216e-02
8.325364522170832515e+02 3.987631588279794137e-02 2.854683384408449043e-02
8.505843851953133026e+02 3.944954288752450938e-02 2.824065840288835991e-02
8.690235657686735067e+02 3.902729844673161197e-02 2.793780255073789048e-02
8.878624755001669655e+02 3.860953827215515138e-02 2.763822629862539709e-02
9.071097798182435099e+02 3.819622365165044331e-02 2.734189545488673045e-02
9.267743320026658012e+02 3.778731043652201055e-02 2.704877168604203491e-02
9.468651772568123306e+02 3.738275918170145401e-02 2.675882130353382515e-02
9.673915568682301682e+02 3.698252743662447384e-02 2.647200865648912174e-02
9.883629124594094719e+02 3.658657397476005463e-02 2.618829950023571912e-02
1.009788890330689696e+03 3.619485737580795115e-02 2.590765990775899599e-02
1.031679345897309759e+03 3.580733448882838371e-02 2.563005484529752576e-02
1.054044348222668077e+03 3.542396799941971430e-02 2.535545451189775978e-02
1.076894184649823728e+03 3.504471019243898811e-02 2.508382083897031309e-02
1.100239365533434693e+03 3.466952357245444566e-02 2.481512443394157108e-02
1.124090629074241178e+03 3.429836204373989256e-02 2.454932930045226544e-02
1.148458946258388096e+03 3.393118544171963569e-02 2.428640438478332081e-02
1.173355525903786429e+03 3.356795098553714413e-02 2.402631692872530741e-02
1.198791819815908866e+03 3.320861820917614393e-02 2.376903610019864138e-02
1.224779528055315041e+03 3.285314568888866860e-02 2.351453061053485755e-02
1.251330604319407485e+03 3.250149441573764453e-02 2.326277111067448153e-02
1.278457261440813454e+03 3.215362277207692993e-02 2.301372643525499001e-02
1.306171977005004919e+03 3.180949267028856942e-02 2.276736821445373912e-02
1.334487499089654420e+03 3.146906320417627856e-02 2.252366602787392313e-02
1.363416852128454593e+03 3.113229822930109816e-02 2.228259321733273846e-02
1.392973342902011154e+03 3.079915333854233578e-02 2.204411690975708812e-02
1.423170566658648568e+03 3.046959536515999115e-02 2.180821284400143861e-02
1.454022413367878471e+03 3.014357841463373086e-02 2.157484727700703653e-02
1.485543074109427607e+03 2.982106978752705959e-02 2.134399638512712166e-02
1.517747047600803853e+03 2.950202620775332213e-02 2.111562859896295996e-02
1.550649146866318233e+03 2.918641408086638731e-02 2.088971950979161968e-02
1.584264506050732962e+03 2.887419377250985755e-02 2.066624037122251345e-02
1.618608587380563677e+03 2.856533110837075964e-02 2.044516642363414238e-02
1.653697188276344832e+03 2.825978837807622754e-02 2.022647037844542417e-02
1.689546448619021930e+03 2.795753122956447581e-02 2.001012742430883715e-02
1.726172858173920986e+03 2.765852420841358530e-02 1.979611196289771807e-02
1.763593264175602371e+03 2.736273341803135278e-02 1.958439956789031350e-02
1.801824879077195646e+03 2.707012055434229042e-02 1.937496260221207786e-02
1.840885288467670307e+03 2.678065504958116599e-02 1.916777909609240424e-02
1.880792459160797080e+03 2.649429677814534728e-02 1.896282014377449754e-02
1.921564747459404089e+03 2.621101648103106932e-02 1.876006474394336168e-02
1.963220907598844860e+03 2.593077618064546647e-02 1.855948560455190563e-02
2.005780100373467576e+03 2.565354615494551058e-02 1.836106139846867616e-02
2.049261901950089396e+03 2.537929176410255727e-02 1.816476727761792351e-02
2.093686312872573581e+03 2.510798268919264831e-02 1.797058149392669404e-02
2.139073767261548255e+03 2.483958615901085687e-02 1.777848054856292700e-02
2.185445142213624877e+03 2.457407138684918058e-02 1.758844236649089593e-02
2.232821767404308048e+03 2.431140778417288997e-02 1.740044502099569179e-02
2.281225434899148695e+03 2.405156368560231600e-02 1.721446581180480218e-02
2.330678409177514823e+03 2.379450840516719734e-02 1.703048274653626640e-02
2.381203437373732868e+03 2.354021111094569199e-02 1.684847374029186870e-02
2.432823759740165769e+03 2.328864170331668496e-02 1.666841723213733500e-02
2.485563120337185410e+03 2.303976997414780570e-02 1.649029159667000921e-02
2.539445777954810637e+03 2.279356764602609442e-02 1.631407658615657841e-02
2.594496517271185439e+03 2.255000495271987718e-02 1.613975089387620701e-02
2.650740660252869475e+03 2.230905453435826427e-02 1.596729493025303079e-02
2.708204077802349275e+03 2.207068741112160060e-02 1.579668794386874381e-02
2.766913201657992886e+03 2.183487623045921727e-02 1.562791035057100458e-02
2.826895036551970861e+03 2.160159404615207696e-02 1.546094285872998651e-02
2.888177172631800659e+03 2.137081271619578268e-02 1.529576532281015297e-02
2.950787798151079187e+03 2.114250551928989127e-02 1.513235861238661391e-02
3.014755712435423447e+03 2.091664474902325474e-02 1.497070289537765810e-02
3.080110339129394561e+03 2.069320431310833069e-02 1.481077949475636049e-02
3.146881739730687514e+03 2.047215693620118779e-02 1.465256888833158834e-02
3.215100627417621126e+03 2.025347796617319590e-02 1.449605343071488049e-02
3.284798381176484327e+03 2.003714075553896315e-02 1.434121404852866169e-02
3.356007060235036079e+03 1.982312113262399769e-02 1.418803344068092324e-02
3.428759418809002000e+03 1.961139356347755061e-02 1.403649333006480246e-02
3.503088921168141951e+03 1.940193370261618019e-02 1.388657629147050342e-02
3.579029757029036318e+03 1.919471945724902581e-02 1.373826651183658078e-02
3.656616857281444027e+03 1.898972516182223513e-02 1.359154562122788686e-02
3.735885910055700151e+03 1.878692568553088499e-02 1.344639563256850266e-02
3.816873377138304477e+03 1.858630078376940706e-02 1.330280205587313844e-02
3.899616510743486288e+03 1.838782047171095765e-02 1.316074343051771602e-02
3.984153370648274176e+03 1.819146765769063742e-02 1.302020752308782024e-02
4.070522841699013952e+03 1.799721299062272128e-02 1.288117332620353911e-02
4.158764651697490081e+03 1.780503802339702263e-02 1.274362763670799058e-02
4.248919389674653758e+03 1.761491762123611887e-02 1.260755246446594591e-02
4.341028524560631922e+03 1.742683136542464220e-02 1.247293319518082318e-02
4.435134424259334992e+03 1.724075698696255279e-02 1.233975388999006620e-02
4.531280375136701878e+03 1.705667394405669876e-02 1.220799984644380110e-02
4.629510601931278870e+03 1.687455999682935595e-02 1.207765514684497679e-02
4.729870288096566583e+03 1.669439796799905909e-02 1.194870749662633319e-02
4.832405596584211708e+03 1.651616378499416726e-02 1.182113966650808444e-02
4.937163691077884323e+03 1.633983598283837366e-02 1.169493629343064042e-02
5.044192757687318590e+03 1.616539721720301401e-02 1.157008496338951184e-02
5.153542027112803225e+03 1.599282062678690844e-02 1.144656645108229828e-02
5.265261797289989772e+03 1.582209201653454744e-02 1.132437059660179601e-02
5.379403456525777983e+03 1.565318563133649005e-02 1.120347896613156299e-02
5.496019507135560161e+03 1.548608593688238430e-02 1.108388044133920558e-02
5.615163589593060351e+03 1.532077114397911027e-02 1.096555942686884035e-02
5.736890507203579546e+03 1.515722383052432905e-02 1.084850345318247138e-02
5.861256251312111090e+03 1.499542465917825043e-02 1.073269867992924717e-02
5.988318027058045118e+03 1.483535597275438718e-02 1.061813246928994779e-02
6.118134279688013521e+03 1.467699825389724710e-02 1.050479085213512805e-02
6.250764721439336427e+03 1.452033684010977342e-02 1.039266333399399382e-02
6.386270359006069157e+03 1.436535061324776923e-02 1.028173480001763097e-02
6.524713521600655440e+03 1.421202072290283537e-02 1.017199175840775155e-02
6.666157889623707888e+03 1.406033232615913446e-02 1.006342358558951107e-02
6.810668523955510864e+03 1.391026199147866148e-02 9.956013510887188125e-03
6.958311895882306999e+03 1.376179738886163829e-02 9.849752709336674281e-03
7.109155917671452698e+03 1.361491641221039377e-02 9.744625358857421024e-03
7.263269973809476141e+03 1.346960545201803146e-02 9.640621718718104388e-03
7.420724952917028531e+03 1.332584579402414093e-02 9.537728394499804876e-03
7.581593280355969910e+03 1.318362233208316553e-02 9.435934574256966620e-03
7.745948951543323346e+03 1.304291819965686973e-02 9.335228186088999347e-03
7.913867565987134185e+03 1.290371813735066708e-02 9.235598308363072301e-03
8.085426362060479732e+03 1.276600507925476809e-02 9.137032726486485346e-03
8.260704252529134465e+03 1.262976638306123438e-02 9.039522391951238314e-03
8.439781860849598161e+03 1.249498355261426108e-02 8.943054066485732478e-03
8.622741558253685071e+03 1.236164046781292221e-02 8.847616212428150578e-03
8.809667501637359237e+03 1.222972389518009982e-02 8.753199358158545926e-03
9.000645672270744399e+03 1.209921392721862235e-02 8.659789255242439365e-03
9.195763915347501097e+03 1.197009952948752468e-02 8.567378005989828918e-03
9.395111980391215184e+03 1.184236182774514590e-02 8.475952101496594254e-03
9.598781562538075377e+03 1.171598887603914584e-02 8.385502991671520481e-03
9.806866344714278966e+03 1.159096441687605498e-02 8.296019040513507442e-03
1.001946204072799264e+04 1.146727561755823618e-02 8.207491063254144029e-03
1.023666643929508973e+04 1.134490740272568916e-02 8.119908269989772193e-03
1.045857944901966403e+04 1.122384690699085655e-02 8.033261452555126927e-03
1.068530314434942011e+04 1.110407896241688737e-02 7.947539754781903637e-03
1.091694181252754606e+04 1.098559203248448968e-02 7.862734919620070762e-03
1.115360200156198152e+04 1.086836989143787416e-02 7.778835333780730922e-03
1.139539256923496760e+04 1.075240039967470702e-02 7.695832308568414416e-03
1.164242473317505937e+04 1.063766896858918745e-02 7.613715402455002550e-03
1.189481212201417657e+04 1.052416222353177999e-02 7.532475042780335112e-03
1.215267082765412306e+04 1.041186723257641125e-02 7.452101973757706450e-03
1.241611945866587484e+04 1.030077075213438505e-02 7.372586716532323475e-03
1.268527919484676022e+04 1.019086033589581761e-02 7.293920362888774329e-03
1.296027384295984302e+04 1.008212347191097917e-02 7.216093957630552794e-03
1.324122989368214803e+04 9.974547529018534114e-03 7.139098460237248457e-03
1.352827657978709976e+04 9.868120638045187187e-03 7.062925375567324048e-03
1.382154593558861052e+04 9.762829952320894664e-03 6.987565508852821260e-03
1.412117285767323119e+04 9.658664768233534911e-03 6.913011199181717283e-03
1.442729516694943595e+04 9.555611023209942961e-03 6.839252381524375986e-03
1.474005367204168579e+04 9.453658853499160436e-03 6.766281996083870626e-03
1.505959223405912417e+04 9.352794267364586411e-03 6.694090028531800816e-03
1.538605783276774127e+04 9.253006735743479413e-03 6.622668942885661866e-03
1.571960063419756989e+04 9.154283816974488966e-03 6.552009834256430562e-03
1.606037405971550834e+04 9.056614699102486996e-03 6.482104964186543791e-03
1.640853485659494254e+04 8.959987742949086786e-03 6.412946002149309474e-03
1.676424317011583480e+04 8.864392476329035694e-03 6.344525452871247612e-03
1.712766261722741910e+04 8.769817415698828722e-03 6.276835097217779540e-03
1.749896036180819647e+04 8.676252280639468878e-03 6.209867577168630588e-03
1.787830719155673796e+04 8.583685976566042194e-03 6.143614951978845079e-03
1.826587759655003174e+04 8.492108818629081138e-03 6.078070289896232541e-03
1.866184984950442231e+04 8.401508639823562427e-03 6.013224882610877786e-03
1.906640608777692978e+04 8.311876757386614523e-03 5.949072515595480067e-03
1.947973239714340525e+04 8.223200565693863234e-03 5.885604166606907967e-03
1.990201889739368198e+04 8.135471518309832575e-03 5.822813718691474856e-03
2.033345982978175016e+04 8.048677848735944981e-03 5.760692750195102636e-03
2.077425364637223538e+04 7.962810702103742186e-03 5.699234923408901497e-03
2.122460310132288578e+04 7.877859426856556255e-03 5.638432614677707684e-03
2.168471534414668713e+04 7.793814998093637723e-03 5.578279364595217088e-03
2.215480201499571922e+04 7.710667307559078074e-03 5.518767938363524847e-03
2.263507934200983436e+04 7.628407331067360402e-03 5.459891877088300996e-03
2.312576824077655328e+04 7.547025428884090309e-03 5.401644281307320036e-03
2.362709441594653254e+04 7.466512981577719081e-03 5.344018981821424367e-03
2.413928846505246474e+04 7.386859337751174211e-03 5.287008355089608050e-03
2.466258598457761764e+04 7.308056877033385426e-03 5.230606946971741097e-03
2.519722767832470709e+04 7.230094440819046474e-03 5.174806770901951326e-03
2.574345946813345654e+04 7.152964599966948889e-03 5.119602509609373804e-03
2.630153260699890961e+04 7.076656937949214569e-03 5.064986707656310774e-03
2.687170379464093639e+04 7.001163729946218404e-03 5.010953836145563660e-03
2.745423529558008886e+04 6.926475599068425588e-03 4.957497183741334593e-03
2.804939505977254157e+04 6.852584642458095510e-03 4.904611094118936296e-03
2.865745684586081916e+04 6.779481983778624064e-03 4.852289214204090310e-03
2.927870034709528773e+04 6.707159700827690883e-03 4.800525873826578735e-03
2.991341131998650599e+04 6.635609200356250466e-03 4.749314922526847588e-03
3.056188171574584703e+04 6.564822772319550866e-03 4.698650841982530968e-03
3.122440981457629096e+04 6.494791418667249933e-03 4.648527192005035523e-03
3.190130036287311668e+04 6.425507814346887239e-03 4.598938729823135417e-03
3.259286471339999844e+04 6.356962991056670613e-03 4.549879036540217629e-03
3.329942096850393136e+04 6.289149717548226520e-03 4.501342936523609721e-03
3.402129412643357500e+04 6.222059629152576661e-03 4.453324442915748173e-03
3.475881623083084560e+04 6.155685414167257931e-03 4.405818322500429721e-03
3.551232652346247050e+04 6.090019328879466530e-03 4.358819032858009604e-03
3.628217160026327474e+04 6.025053895232224989e-03 4.312321221707098896e-03
3.706870557076083787e+04 5.960781815633906834e-03 4.266319665931052676e-03
3.787229022095756955e+04 5.897195509689545818e-03 4.220808940001952517e-03
3.869329517974299961e+04 5.834288193568862302e-03 4.175784188518378084e-03
3.953209808891441935e+04 5.772051866432690616e-03 4.131239685027239018e-03
4.038908477688176936e+04 5.710480086950243429e-03 4.087170819264794239e-03
4.126464943613973446e+04 5.649564826768083831e-03 4.043571845085124419e-03
4.215919480458606267e+04 5.589299723712434428e-03 4.000438208879662956e-03
4.307313235077170975e+04 5.529677213695531092e-03 3.957764496792077862e-03
4.400688246316502773e+04 5.470690880577411611e-03 3.915546116588506861e-03
4.496087464352048119e+04 5.412333713548815595e-03 3.873778050411496188e-03
4.593554770443932648e+04 5.354599200783782646e-03 3.832455637541699791e-03
4.693134997121131892e+04 5.297480713262568176e-03 3.791574133380474013e-03
4.794873948803394887e+04 5.240971671450492947e-03 3.751128828747202649e-03
4.898818422870089125e+04 5.185066497599559107e-03 3.711115731471609051e-03
5.005016231185913784e+04 5.129757788508983347e-03 3.671529542849252727e-03
5.113516222093040415e+04 5.075039546603088252e-03 3.632365970225940200e-03
5.224368302880215197e+04 5.020905770842824453e-03 3.593620718468632305e-03
5.337623462738821399e+04 4.967348682271819672e-03 3.555288219932751896e-03
5.453333796216722112e+04 4.914363767779019766e-03 3.517365244442286452e-03
5.571552527180327161e+04 4.861943009094442728e-03 3.479846053068353078e-03
5.692334033296324196e+04 4.810081791791903649e-03 3.442727343120503391e-03
5.815733871044007537e+04 4.758773143823646565e-03 3.406004124484120297e-03
5.941808801269964169e+04 4.708011869145025709e-03 3.369672678186066538e-03
6.070616815296508867e+04 4.657791870715601718e-03 3.333728640382077439e-03
6.202217161596311780e+04 4.608107780527234167e-03 3.298168169019314363e-03
6.336670373045293672e+04 4.558953616212372065e-03 3.262986982328521315e-03
6.474038294766093168e+04 4.510324914328798021e-03 3.228181885683236493e-03
6.614384112575373729e+04 4.462215249011420269e-03 3.193748279889017071e-03
6.757772382047676365e+04 4.414618617807081029e-03 3.159681868800702075e-03
6.904269058209480136e+04 4.367530856787486121e-03 3.125979672163398376e-03
7.053941525876699598e+04 4.320944248504271154e-03 3.092636166355752260e-03
7.206858630650141276e+04 4.274855428050926449e-03 3.059648943007978444e-03
7.363090710582688916e+04 4.229257414031420415e-03 3.027013005314605799e-03
7.522709628533187788e+04 4.184145479748320288e-03 2.994724970229109984e-03
7.685788805221373332e+04 4.139514538496277471e-03 2.962781197035936447e-03
7.852403252999702818e+04 4.095359385186632395e-03 2.931177960288861538e-03
8.022629610357094498e+04 4.051675296438667258e-03 2.899911879315237185e-03
8.196546177170853480e+04 4.008457175136939665e-03 2.868979305948678084e-03
8.374232950722468377e+04 3.965700267445818050e-03 2.838376837718991491e-03
8.555771662494455813e+04 3.923399910978731843e-03 2.808101137608966669e-03
8.741245815764913277e+04 3.881551591736337892e-03 2.778148974806812777e-03
8.930740724016734748e+04 3.840149080487137521e-03 2.748515890854954461e-03
9.124343550179824524e+04 3.799189525252594148e-03 2.719199844502344626e-03
9.322143346723790455e+04 3.758666298084763820e-03 2.690196091917463825e-03
9.524231096620019525e+04 3.718575119578982572e-03 2.661501570195337271e-03
9.730699755191341683e+04 3.678911584087278530e-03 2.633113126074670962e-03
9.941644292869311175e+04 3.639670374917921159e-03 2.605026954231399929e-03
1.015716173887815676e+05 3.600847802198131609e-03 2.577240413707124721e-03
1.037735122586596844e+05 3.562438917767998120e-03 2.549749962947633983e-03
1.060231403550299874e+05 3.524439870321146619e-03 2.522552845451410657e-03
1.083215364506886253e+05 3.486846002406343396e-03 2.495645727733618487e-03
1.106697577504942165e+05 3.449653444827154719e-03 2.469025840488258978e-03
1.130688843776575086e+05 3.412857624669879669e-03 2.442689910736677104e-03
1.155200198705684015e+05 3.376455275091895004e-03 2.416635600296506391e-03
1.180242916903973528e+05 3.340440985871229347e-03 2.390859036901137047e-03
1.205828517397009273e+05 3.304811290644779458e-03 2.365357739565099055e-03
1.231968768922653107e+05 3.269561900645933522e-03 2.340128638682775417e-03
1.258675695344408305e+05 3.234687780022755133e-03 2.315168129936005792e-03
1.285961581182086229e+05 3.200186033979148317e-03 2.290474141427865321e-03
1.313838977262400440e+05 3.166051514502741648e-03 2.266042988563430130e-03
1.342320706492002355e+05 3.132281199328792835e-03 2.241872508212441970e-03
1.371419869755718973e+05 3.098870676852766206e-03 2.217959542850306623e-03
1.401149851942622627e+05 3.065816642050049699e-03 2.194301726966602431e-03
1.431524328102767759e+05 3.033115039138912887e-03 2.170896157710346802e-03
1.462557269737340685e+05 3.000762475910687295e-03 2.147740407170738077e-03
1.494262951225221332e+05 2.968754907149642828e-03 2.124831580059212671e-03
1.526655956388832419e+05 2.937089351581144338e-03 2.102167542583425943e-03
1.559751185202356428e+05 2.905761523864727400e-03 2.079745227589963399e-03
1.593563860645316599e+05 2.874767891059293919e-03 2.057562106441382811e-03
1.628109535704790906e+05 2.844105012421471387e-03 2.035615716489063125e-03
1.663404100529385905e+05 2.813768825523266844e-03 2.013903150125081250e-03
1.699463789738336345e+05 2.783756315379022454e-03 1.992422249429049667e-03
1.736305189888983150e+05 2.754063587939048312e-03 1.971170227306710300e-03
1.773945247106195602e+05 2.724687609982557029e-03 1.950144912786217931e-03
1.812401274877190299e+05 2.695624832154374685e-03 1.929343765482058196e-03
1.851690962015257101e+05 2.666872140853101571e-03 1.908764556891445145e-03
1.891832380796202924e+05 2.638426120818835544e-03 1.888404842605081839e-03
1.932843995271131571e+05 2.610283618654936008e-03 1.868262365637472864e-03
1.974744669759478129e+05 2.582441497631034460e-03 1.848334880931698119e-03
2.017553677526079118e+05 2.554896597631967428e-03 1.828620126693604160e-03
2.061290709646422765e+05 2.527645372689434674e-03 1.809115564961768369e-03
2.105975884064038401e+05 2.500685169996953467e-03 1.789819297038869198e-03
2.151629754844280833e+05 2.474012176051774980e-03 1.770728593480636222e-03
2.198273321628637204e+05 2.447623881839425166e-03 1.751841658506226402e-03
2.245928039294072951e+05 2.421516713804248207e-03 1.733155934409076919e-03
2.294615827821720159e+05 2.395688073909988790e-03 1.714669561692646433e-03
2.344359082379561150e+05 2.370134748252654584e-03 1.696380240064418368e-03
2.395180683623590157e+05 2.344854059830268293e-03 1.678286053509591260e-03
2.447104008222371340e+05 2.319842956792719183e-03 1.660384817722726112e-03
2.500152939609754831e+05 2.295098748416299177e-03 1.642674606867946087e-03
2.554351878970598918e+05 2.270618534858024479e-03 1.625153345436110112e-03
2.609725756464747246e+05 2.246399782806222239e-03 1.607819220256102334e-03
2.666300042694259319e+05 2.222439166034893832e-03 1.590669850643002068e-03
2.724100760419295402e+05 2.198734563798542072e-03 1.573703718712326062e-03
2.783154496527871233e+05 2.175282499342465117e-03 1.556918336041009055e-03
2.843488414265207248e+05 2.152080718859091836e-03 1.540312089507843256e-03
2.905130265728121740e+05 2.129126208880859940e-03 1.523882822278989965e-03
2.968108404630347504e+05 2.106416440453074464e-03 1.507628724301760936e-03
3.032451799344464671e+05 2.083948807765315537e-03 1.491547930515399727e-03
3.098190046226676204e+05 2.061720779691338795e-03 1.475638629312972213e-03
3.165353383230367326e+05 2.039729810896348874e-03 1.459898998918034933e-03
3.233972703814860433e+05 2.017973465839665182e-03 1.444327296137258186e-03
3.304079571155562298e+05 1.996449143874119616e-03 1.428921659605388202e-03
3.375706232662270195e+05 1.975154800867986310e-03 1.413680626272836166e-03
3.448885634812221979e+05 1.954087575557155072e-03 1.398602148242577810e-03
3.523651438304567710e+05 1.933245143836649291e-03 1.383684562079333640e-03
3.600038033543509082e+05 1.912625182355535015e-03 1.368926204887515718e-03
3.678080556456997292e+05 1.892224904542864298e-03 1.354325082230353793e-03
3.757814904658443411e+05 1.872042354347656663e-03 1.339879794100427976e-03
3.839277753958633984e+05 1.852074776998743986e-03 1.325588368821074099e-03
3.922506575235752389e+05 1.832320216814600257e-03 1.311449406649302894e-03
4.007539651671011234e+05 1.812776194827321911e-03 1.297461133309550435e-03
4.094416096358030336e+05 1.793440681481040097e-03 1.283622096184629377e-03
4.183175870293784537e+05 1.774311346783809988e-03 1.269930627625770426e-03
4.273859800759729114e+05 1.755386139364460999e-03 1.256385259401886743e-03
4.366509600101299584e+05 1.736662914060135452e-03 1.242984456152219875e-03
4.461167884914617171e+05 1.718139819557253480e-03 1.229726892833214258e-03
4.557878195648957044e+05 1.699814114107983058e-03 1.216610607089417713e-03
4.656685016634336207e+05 1.681684330192311774e-03 1.203634548570442627e-03
4.757633796543161152e+05 1.663747989435040335e-03 1.190796943424942160e-03
4.860770969295558752e+05 1.646002584992624146e-03 1.178095997425876364e-03
4.966143975417704787e+05 1.628446746976766005e-03 1.165530730100957247e-03
5.073801283863341669e+05 1.611077651273552271e-03 1.153099120142729193e-03
5.183792414308348089e+05 1.593893917766077200e-03 1.140800179757966298e-03
5.296167959928431083e+05 1.576893200507623093e-03 1.128632229878565475e-03
5.410979610670809634e+05 1.560073756337419923e-03 1.116594022869350344e-03
5.528280177030254854e+05 1.543433666665428028e-03 1.104684185534878784e-03
5.648123614340688800e+05 1.526971073447487039e-03 1.092901388014306521e-03
5.770565047593160998e+05 1.510684115143673878e-03 1.081244297944760529e-03
5.895660796792058973e+05 1.494571138443606282e-03 1.069711731999822184e-03
6.023468402860851493e+05 1.478630371968344239e-03 1.058302422347680164e-03
6.154046654109582305e+05 1.462859313199037833e-03 1.047014577856614746e-03
6.287455613275876967e+05 1.447257145627294482e-03 1.035847614125800240e-03
6.423756645152402343e+05 1.431821202960577820e-03 1.024799622805521197e-03
6.563012444813086186e+05 1.416549612335326561e-03 1.013869263428219701e-03
6.705287066451397259e+05 1.401441073828024438e-03 1.003055605597610346e-03
6.850645952843514970e+05 1.386493207696430511e-03 9.923569460570668983e-04
6.999155965450447984e+05 1.371704838265033624e-03 9.817724433385224738e-04
7.150885415172731737e+05 1.357073951947315119e-03 9.713006562545577769e-04
7.305904093771564076e+05 1.342599125482518132e-03 9.609405661325311253e-04
7.464283305971388472e+05 1.328278635712851511e-03 9.506909396540291941e-04
7.626095902258226415e+05 1.314110945290962104e-03 9.405506764910331798e-04
7.791416312389213126e+05 1.300094396745080701e-03 9.305185903386882767e-04
7.960320579628235428e+05 1.286227639222196038e-03 9.205937143488618964e-04
8.132886395724066533e+05 1.272509086016731291e-03 9.107749128662968137e-04
8.309193136646564817e+05 1.258936552323301240e-03 9.010606221568265685e-04
8.489321899097770220e+05 1.245509392185976732e-03 8.914503798894069441e-04
8.673355537814169656e+05 1.232225250126870808e-03 8.819425001741757657e-04
8.861378703677937156e+05 1.219082532955589621e-03 8.725358427144875141e-04
9.053477882654159330e+05 1.206080125804373862e-03 8.632296095643022171e-04
9.249741435572368791e+05 1.193215980317685176e-03 8.540223346509155569e-04
9.450259638770099264e+05 1.180489091273776575e-03 8.449132985053986553e-04
9.655124725617859513e+05 1.167897736449930758e-03 8.359012684785999256e-04
9.864430928944295738e+05 1.155440684977796471e-03 8.269853635991946143e-04
1.007827452438071719e+06 1.143116462547841619e-03 8.181645286573213920e-04
1.029675387464562897e+06 1.130923736033989007e-03 8.094378094925740825e-04
1.051996947478905786e+06 1.118861093294455569e-03 8.008041953905119421e-04
1.074802399841792649e+06 1.106927341481441385e-03 7.922628325923182892e-04
1.098102234492311254e+06 1.095121165674250909e-03 7.838127799677529779e-04
1.121907168773069978e+06 1.083440628770584394e-03 7.754526510715660601e-04
1.146228152359900996e+06 1.071885220442576154e-03 7.671820806459979511e-04
1.171076372298455331e+06 1.060452915664282817e-03 7.589996193160719520e-04
1.196463258149937959e+06 1.049142269764787852e-03 7.509042330852195744e-04
1.222400487248437945e+06 1.037952406600499335e-03 7.428952948698213038e-04
1.248899990072202170e+06 1.026881517190023118e-03 7.349715099248023149e-04
1.275973955731378170e+06 1.015928752803166085e-03 7.271322707871780708e-04
1.303634837574668694e+06 1.005092637823768592e-03 7.193765213118927205e-04
1.331895358917578356e+06 9.943720784130502359e-04 7.117034786040098843e-04
1.360768518894836074e+06 9.837658542251764317e-04 7.041122692235024429e-04
1.390267598439641297e+06 9.732727777824512526e-04 6.966020432551065780e-04
1.420406166392583167e+06 9.628916757044891136e-04 6.891719608734489825e-04
1.451198085742957890e+06 9.526213898929797308e-04 6.818211931910197034e-04
1.482657520005420549e+06 9.424608501206056376e-04 6.745489742123514897e-04
1.514798939734813524e+06 9.324085075059918969e-04 6.673541953541619861e-04
1.547637129182285164e+06 9.224636570707590161e-04 6.602363520411761843e-04
1.581187193095662398e+06 9.126246930874944152e-04 6.531942950036086258e-04
1.615464563667285023e+06 9.028906392599850587e-04 6.462273254754478946e-04
1.650485007632389665e+06 8.932603528214272349e-04 6.393346255424274018e-04
1.686264633521441603e+06 8.837326469676996029e-04 6.325153457713824983e-04
1.722819899069641251e+06 8.743065597937731180e-04 6.257687976965260919e-04
1.760167618787102168e+06 8.649809523473278453e-04 6.190941661337382145e-04
1.798324971693062456e+06 8.557548487193502446e-04 6.124907525941384158e-04
1.837309509217826184e+06 8.466271374131957008e-04 6.059577615444992947e-04
1.877139163276006700e+06 8.375968426526579592e-04 5.994944945909951159e-04
1.917832254514713772e+06 8.286629094549089261e-04 5.931001966491208661e-04
1.959407500740626128e+06 8.198244457298405454e-04 5.867742292218318129e-04
2.001884025529697537e+06 8.110801193759926454e-04 5.805156388820722265e-04
2.045281367023559054e+06 8.024292982851947325e-04 5.743239732100755262e-04
2.089619486916527385e+06 7.938706444345244211e-04 5.681982745406085732e-04
2.134918779637517873e+06 7.854032175009258545e-04 5.621378698547838939e-04
2.181200081730956677e+06 7.770261070630568763e-04 5.561421075353144500e-04
2.228484681441107765e+06 7.687382131804960808e-04 5.502102003201268928e-04
2.276794328504078556e+06 7.605387285034003473e-04 5.443415703634585552e-04
2.326151244152193889e+06 7.524266237178301462e-04 5.385354809528379192e-04
2.376578131335187703e+06 7.444010729168762082e-04 5.327913409606249836e-04
2.428098185163034592e+06 7.364610953749383022e-04 5.271084484505561855e-04
2.480735103575061075e+06 7.286058586026580549e-04 5.214862075837244483e-04
2.534513098240446765e+06 7.208344279439455292e-04 5.159239493972690802e-04
2.589456905694967601e+06 7.131460717761764793e-04 5.104211502457877596e-04
2.645591798719226848e+06 7.055396416021394003e-04 5.049769881135801868e-04
2.702943597963440698e+06 6.980144950828491221e-04 4.995910032583627310e-04
2.761538683824324049e+06 6.905696170204143978e-04 4.942624690709649911e-04
2.821404008579449728e+06 6.832040168020838940e-04 4.889906765385776746e-04
2.882567108784554992e+06 6.759170495235887347e-04 4.837751640828622966e-04
2.945056117939716205e+06 6.687076367630170361e-04 4.786151598432220977e-04
3.008899779430033173e+06 6.615751455597045560e-04 4.735102107897334986e-04
3.074127459746918175e+06 6.545186339219709977e-04 4.684596427092219519e-04
3.140769161995875649e+06 6.475374100940091025e-04 4.634629604902246701e-04
3.208855539697231259e+06 6.406306062589530847e-04 4.585195430088226452e-04
3.278417910885959864e+06 6.337975221014551311e-04 4.536288890272196540e-04
3.349488272517255973e+06 6.270372886700212572e-04 4.487903766094077400e-04
3.422099315184252337e+06 6.203493643595096516e-04 4.440036181114940064e-04
3.496284438154932577e+06 6.137327979667601312e-04 4.392679327273572311e-04
3.572077764734931290e+06 6.071867673135349867e-04 4.345827319980849024e-04
3.649514157963461708e+06 6.007107319474069406e-04 4.299476291048181208e-04
3.728629236649359111e+06 5.943035785833603859e-04 4.253618272343365550e-04
3.809459391754883807e+06 5.879648892375058519e-04 4.208250272223787534e-04
3.892041803134704474e+06 5.816936909697869099e-04 4.163365327050406756e-04
3.976414456637611613e+06 5.754892980362638459e-04 4.118958528737427251e-04
4.062616161579119973e+06 5.693510635877903651e-04 4.075025247581367540e-04
4.150686568592756055e+06 5.632782369550690203e-04 4.031560110805154661e-04
4.240666187868424691e+06 5.572701988049933103e-04 3.988558685646286829e-04
4.332596407785985619e+06 5.513262229553363624e-04 3.946015774589386430e-04
4.426519513952945359e+06 5.454456888246318616e-04 3.903926935937044283e-04
4.522478708654742688e+06 5.396279259948083811e-04 3.862287371295541893e-04
4.620518130726795644e+06 5.338724537048606961e-04 3.821093639706637179e-04
4.720682875857160427e+06 5.281783550682883806e-04 3.780339178724276446e-04
4.823019017329487018e+06 5.225450039687046157e-04 3.740019507035879020e-04
4.927573627215548418e+06 5.169719949531759130e-04 3.700131722686840008e-04
5.034394798027297482e+06 5.114582045318331015e-04 3.660667784505592368e-04
5.143531664838101715e+06 5.060032893358596198e-04 3.621625234893151215e-04
5.255034427883709781e+06 5.006065420802347692e-04 3.582999011587408023e-04
5.368954375653174706e+06 4.952671056950141287e-04 3.544782980268283983e-04
5.485343908480148762e+06 4.899846678882017244e-04 3.506974905763407470e-04
5.604256562645815313e+06 4.847584345465013851e-04 3.469569104353304682e-04
5.725747035004200414e+06 4.795879158197114225e-04 3.432562070025486282e-04
5.849871208141450770e+06 4.744725299754577047e-04 3.395949639137758663e-04
5.976686176080290228e+06 4.694116925595805752e-04 3.359727628567249209e-04
6.106250270541939884e+06 4.644048836611193421e-04 3.323892317147128387e-04
6.238623087777206674e+06 4.594515141182039988e-04 3.288439488059949215e-04
6.373865515979369171e+06 4.545512569471366689e-04 3.253366800980191510e-04
6.512039763291080482e+06 4.497032648087986146e-04 3.218668191234352297e-04
6.653209386418660171e+06 4.449069168330943742e-04 3.184339215059210138e-04
6.797439319866538979e+06 4.401620447852289293e-04 3.150378668345263041e-04
6.944795905805625021e+06 4.354676020374778503e-04 3.116779060047576038e-04
7.095346924588879570e+06 4.308231390469364997e-04 3.083537172645704717e-04
7.249161625928698108e+06 4.262282858574161469e-04 3.050650358246445007e-04
7.406310760749993846e+06 4.216821614961606206e-04 3.018112311449756380e-04
7.566866613733976148e+06 4.171845627072886110e-04 2.985921577489147102e-04
7.730903036567123607e+06 4.127348245528902090e-04 2.954073397194140844e-04
7.898495481911202893e+06 4.083324691735823833e-04 2.922564350374319835e-04
8.069721038109706715e+06 4.039770822782003915e-04 2.891391471817065443e-04
8.244658464646383189e+06 3.996681194970610595e-04 2.860550865296746046e-04
8.423388228372752666e+06 3.954051903109593604e-04 2.830039735744170355e-04
8.605992540520789102e+06 3.911876896912435493e-04 2.799853752778335043e-04
8.792555394518181682e+06 3.870154817770594296e-04 2.769991944000218457e-04
8.983162604622989893e+06 3.828878597547492142e-04 2.740449250521416924e-04
9.177901845396220684e+06 3.788040533248841681e-04 2.711220159065827972e-04
9.376862692029848695e+06 3.747641989626084112e-04 2.682305646429107679e-04
9.580136661549335346e+06 3.707673897285090501e-04 2.653699221359663270e-04
9.787817254908937961e+06 3.668128292130310819e-04 2.625395183702967754e-04
1.000000000000000000e+07 3.629001801675599465e-04 2.597391119664250515e-04
